* missing loci ignored.
ID                               Chip  Call0*   Call1*   Call2*   Call5    Homo*    Missing_allele
L2F22244                            1  0.489828 0.436935 0.073237 0.000000 0.563065       0.000000
L2F22608                            1  0.533906 0.341320 0.124774 0.000000 0.658680       0.000000
L2F22750                            1  0.523282 0.382233 0.094485 0.000000 0.617767       0.000000
L2F22756                            1  0.518535 0.377939 0.103526 0.000000 0.622061       0.000000
L2F23517                            1  0.516953 0.385398 0.097649 0.000000 0.614602       0.000000
L2F20534                            1  0.512884 0.405741 0.081374 0.000000 0.594259       0.000000
L2M20039                            1  0.509042 0.415461 0.075497 0.000000 0.584539       0.000000
L2M20255                            1  0.498644 0.416817 0.084539 0.000000 0.583183       0.000000
L2F22528                            1  0.500000 0.427215 0.072785 0.000000 0.572785       0.000000
L2F21694                            1  0.493671 0.413427 0.092902 0.000000 0.586573       0.000000
L2M20152                            1  0.496157 0.422242 0.081600 0.000000 0.577758       0.000000
L2M20327                            1  0.500565 0.415781 0.083654 0.000226 0.584219       0.000226
L2F21741                            1  0.565778 0.307866 0.126356 0.000000 0.692134       0.000000
L2F22476                            1  0.508816 0.357143 0.134042 0.000000 0.642857       0.000000
L2F21039                            1  0.529611 0.358951 0.111438 0.000000 0.641049       0.000000
L2F24283                            1  0.524412 0.380199 0.095389 0.000000 0.619801       0.000000
L2F22809                            1  0.507007 0.403707 0.089286 0.000000 0.596293       0.000000
L2F22827                            1  0.476944 0.452984 0.070072 0.000000 0.547016       0.000000
L2M20125                            1  0.524864 0.371383 0.103752 0.000000 0.628617       0.000000
L2M20271                            1  0.478074 0.467450 0.054476 0.000000 0.532550       0.000000
L2M20308                            1  0.514014 0.400316 0.085669 0.000000 0.599684       0.000000
L2F20671                            1  0.536166 0.356691 0.107143 0.000000 0.643309       0.000000
L1M10002                            1  0.479204 0.422016 0.098779 0.000000 0.577984       0.000000
L2M20360                            1  0.495027 0.402351 0.102622 0.000000 0.597649       0.000000
L2F22496                            1  0.486212 0.436031 0.077758 0.000000 0.563969       0.000000
L2F24065                            1  0.540235 0.340190 0.119575 0.000000 0.659810       0.000000
L2F23443                            1  0.498644 0.422920 0.078436 0.000000 0.577080       0.000000
L2F23521                            1  0.488246 0.401673 0.110081 0.000000 0.598327       0.000000
L2F22142                            1  0.494123 0.390145 0.115732 0.000000 0.609855       0.000000
L2M20171                            1  0.475814 0.441230 0.082957 0.000000 0.558770       0.000000
L2M20276                            1  0.535036 0.324593 0.140371 0.000000 0.675407       0.000000
L2F20756                            1  0.528481 0.332505 0.139014 0.000000 0.667495       0.000000
L2F22901                            1  0.482595 0.419078 0.098327 0.000000 0.580922       0.000000
L2M20172                            1  0.490958 0.427441 0.081600 0.000000 0.572559       0.000000
L2F23949                            1  0.502712 0.409358 0.087929 0.000000 0.590642       0.000000
L2F20682                            1  0.513788 0.382685 0.103526 0.000000 0.617315       0.000000
L2F23226                            1  0.515597 0.386980 0.097423 0.000000 0.613020       0.000000
L2F22907                            1  0.492767 0.409810 0.097423 0.000000 0.590190       0.000000
L2F21932                            1  0.511076 0.415687 0.073237 0.000000 0.584313       0.000000
L2M20182                            1  0.493219 0.429024 0.077758 0.000000 0.570976       0.000000
L2M20288                            1  0.500678 0.407324 0.091998 0.000000 0.592676       0.000000
L2M20222                            1  0.488698 0.426311 0.084991 0.000000 0.573689       0.000000
L2M20382                            1  0.623644 0.191004 0.185353 0.000000 0.808996       0.000000
L2F21010                            1  0.499774 0.416139 0.084087 0.000000 0.583861       0.000000
L2F22306                            1  0.525769 0.371383 0.102848 0.000000 0.628617       0.000000
L2F22374                            1  0.506103 0.388788 0.105108 0.000000 0.611212       0.000000
L2F22410                            1  0.532550 0.363472 0.103978 0.000000 0.636528       0.000000
L2F23414                            1  0.533680 0.365732 0.100588 0.000000 0.634268       0.000000
L2F22055                            1  0.509720 0.393083 0.097197 0.000000 0.606917       0.000000
L2M20195                            1  0.509042 0.389241 0.101718 0.000000 0.610759       0.000000
L2M20300                            1  0.500678 0.430380 0.068942 0.000000 0.569620       0.000000
L2F21054                            1  0.485191 0.405155 0.109654 0.000226 0.594845       0.000226
L2F22429                            1  0.478074 0.459313 0.062613 0.000000 0.540687       0.000000
L2M20257                            1  0.513336 0.385172 0.101492 0.000000 0.614828       0.000000
L2F22141                            1  0.517179 0.408454 0.074367 0.000000 0.591546       0.000000
L2F21995                            1  0.492089 0.409132 0.098779 0.000000 0.590868       0.000000
L2F21322                            1  0.494575 0.403481 0.101944 0.000000 0.596519       0.000000
L2F24282                            1  0.475136 0.448463 0.076401 0.000000 0.551537       0.000000
L2F21005                            1  0.563743 0.290687 0.145570 0.000000 0.709313       0.000000
L2M20111                            1  0.474458 0.444394 0.081148 0.000000 0.555606       0.000000
L2M20220                            1  0.499322 0.402577 0.098101 0.000000 0.597423       0.000000
L2F22218                            1  0.501582 0.396248 0.102170 0.000000 0.603752       0.000000
L2F20884                            1  0.523508 0.371157 0.105335 0.000000 0.628843       0.000000
L2M20261                            1  0.547016 0.313065 0.139919 0.000000 0.686935       0.000000
L2F22403                            1  0.502260 0.405515 0.092224 0.000000 0.594485       0.000000
L2F22514                            1  0.495705 0.392857 0.111438 0.000000 0.607143       0.000000
L2F21328                            1  0.494575 0.422016 0.083409 0.000000 0.577984       0.000000
L2F21107                            1  0.523056 0.358047 0.118897 0.000000 0.641953       0.000000
L2F23481                            1  0.527577 0.355561 0.116863 0.000000 0.644439       0.000000
L2M20232                            1  0.540009 0.333635 0.126356 0.000000 0.666365       0.000000
L2M20275                            1  0.496835 0.382911 0.120253 0.000000 0.617089       0.000000
L2F22157                            1  0.500904 0.408906 0.090190 0.000000 0.591094       0.000000
L2M20241                            1  0.474231 0.445750 0.080018 0.000000 0.554250       0.000000
L2M20285                            1  0.483725 0.417269 0.099005 0.000000 0.582731       0.000000
L2F21389                            1  0.481691 0.416365 0.101944 0.000000 0.583635       0.000000
L2F22572                            1  0.507911 0.419982 0.072107 0.000000 0.580018       0.000000
L2F21637                            1  0.544530 0.336347 0.119123 0.000000 0.663653       0.000000
L2F21811                            1  0.495705 0.419756 0.084539 0.000000 0.580244       0.000000
L2F20598                            1  0.484177 0.424955 0.090868 0.000000 0.575045       0.000000
L2F21075                            1  0.510172 0.424277 0.065552 0.000000 0.575723       0.000000
L2F21569                            1  0.480787 0.423146 0.096067 0.000000 0.576854       0.000000
L2M20249                            1  0.474005 0.448237 0.077758 0.000000 0.551763       0.000000
L2F22872                            1  0.519213 0.365054 0.115732 0.000000 0.634946       0.000000
L2F21256                            1  0.522378 0.383816 0.093807 0.000000 0.616184       0.000000
L2M20231                            1  0.503843 0.411166 0.084991 0.000000 0.588834       0.000000
L2M20325                            1  0.507929 0.415496 0.076575 0.002260 0.584504       0.002260
B322_0370                           2  0.505087 0.406059 0.088854 0.000226 0.593941       0.000226
B322_0217                           2  0.494575 0.406193 0.099231 0.000000 0.593807       0.000000
B322_0497                           2  0.483273 0.422016 0.094711 0.000000 0.577984       0.000000
B322_0027                           2  0.570005 0.294064 0.135931 0.002260 0.705936       0.002260
B322_0531                           2  0.508137 0.370931 0.120931 0.000000 0.629069       0.000000
B322_0449                           2  0.510850 0.420886 0.068264 0.000000 0.579114       0.000000
B322_0460                           2  0.501923 0.420267 0.077810 0.000678 0.579733       0.000678
B322_0466                           2  0.530875 0.378195 0.090930 0.000678 0.621805       0.000678
B322_0493                           2  0.497966 0.412975 0.089060 0.000000 0.587025       0.000000
B322_0446                           2  0.484403 0.426989 0.088608 0.000000 0.573011       0.000000
B322_0142                           2  0.493671 0.404159 0.102170 0.000000 0.595841       0.000000
B322_0628                           2  0.581711 0.255998 0.162291 0.001356 0.744002       0.001356
B322_0430                           2  0.469937 0.438517 0.091546 0.000000 0.561483       0.000000
B322_0551                           2  0.510061 0.404703 0.085236 0.000226 0.595297       0.000226
B322_0456                           2  0.547242 0.320298 0.132459 0.000000 0.679702       0.000000
B322_0461                           2  0.496043 0.437938 0.066019 0.000226 0.562062       0.000226
B322_0462                           2  0.560353 0.278255 0.161392 0.000000 0.721745       0.000000
B322_0488                           2  0.497399 0.419362 0.083239 0.000678 0.580638       0.000678
B322_0487                           2  0.495926 0.409914 0.094160 0.001356 0.590086       0.001356
B322_0425                           2  0.516953 0.402351 0.080696 0.000000 0.597649       0.000000
B322_0403                           2  0.483608 0.430025 0.086367 0.000226 0.569975       0.000226
B322_0294                           2  0.496483 0.415248 0.088269 0.003843 0.584752       0.003843
B322_0664                           2  0.526792 0.347954 0.125254 0.000226 0.652046       0.000226
B322_0410                           2  0.513336 0.394892 0.091772 0.000000 0.605108       0.000000
B322_0435                           2  0.478458 0.447846 0.073696 0.003165 0.552154       0.003165
B322_0452                           2  0.517187 0.407282 0.075531 0.000452 0.592718       0.000452
B322_0458                           2  0.528148 0.384355 0.087497 0.000226 0.615645       0.000226
B322_0468                           2  0.547366 0.321953 0.130681 0.000226 0.678047       0.000226
B322_0494                           2  0.501130 0.394892 0.103978 0.000000 0.605108       0.000000
B322_0483                           2  0.468778 0.453846 0.077376 0.000904 0.546154       0.000904
B322_0420                           2  0.563419 0.295275 0.141307 0.000226 0.704725       0.000226
B322_0453                           2  0.515823 0.401221 0.082957 0.000000 0.598779       0.000000
B322_0630                           2  0.479167 0.432065 0.088768 0.001808 0.567935       0.001808
B322_0669                           2  0.611664 0.217450 0.170886 0.000000 0.782550       0.000000
B322_0326                           2  0.488472 0.411392 0.100136 0.000000 0.588608       0.000000
B322_0438                           2  0.531886 0.360923 0.107191 0.000452 0.639077       0.000452
B322_0450                           2  0.483080 0.429253 0.087668 0.004747 0.570747       0.004747
B322_0480                           2  0.484739 0.424147 0.091115 0.000226 0.575853       0.000226
B322_0473                           2  0.515261 0.406511 0.078227 0.000226 0.593489       0.000226
B322_0495                           2  0.520470 0.380909 0.098620 0.000678 0.619091       0.000678
B322_0429                           2  0.481599 0.432303 0.086097 0.004973 0.567697       0.004973
B322_0263                           2  0.503850 0.417572 0.078578 0.001808 0.582428       0.001808
B322_0475                           2  0.477848 0.436935 0.085217 0.000000 0.563065       0.000000
B322_0677                           2  0.495027 0.416139 0.088834 0.000000 0.583861       0.000000
B322_0112                           2  0.496029 0.430225 0.073746 0.003843 0.569775       0.003843
B322_0440                           2  0.487904 0.424147 0.087949 0.000226 0.575853       0.000226
B322_0439                           2  0.562613 0.281193 0.156193 0.000000 0.718807       0.000000
B322_0455                           2  0.506446 0.409862 0.083691 0.000678 0.590138       0.000678
B322_0457                           2  0.497621 0.407433 0.094947 0.002486 0.592567       0.002486
B322_0470                           2  0.535118 0.367879 0.097003 0.011980 0.632121       0.011980
B322_0500                           2  0.485643 0.446530 0.067827 0.000226 0.553470       0.000226
B322_0424                           2  0.489939 0.411712 0.098350 0.000226 0.588288       0.000226
B322_0615                           2  0.620027 0.203210 0.176763 0.000000 0.796790       0.000000
B322_0570                           2  0.499095 0.422851 0.078054 0.000904 0.577149       0.000904
B322_0653                           2  0.517304 0.393802 0.088894 0.000678 0.606198       0.000678
B322_0109                           2  0.526447 0.348553 0.125000 0.000000 0.651447       0.000000
B322_0434                           2  0.569350 0.299000 0.131651 0.005877 0.701000       0.005877
B322_0445                           2  0.502260 0.412975 0.084765 0.000000 0.587025       0.000000
B322_0404                           2  0.498870 0.410488 0.090642 0.000000 0.589512       0.000000
B322_0465                           2  0.532776 0.327306 0.139919 0.000000 0.672694       0.000000
B322_0496                           2  0.479430 0.425181 0.095389 0.000000 0.574819       0.000000
B322_0481                           2  0.503730 0.404929 0.091341 0.000226 0.595071       0.000226
B322_0416                           2  0.525693 0.394952 0.079354 0.005877 0.605048       0.005877
B322_0415                           2  0.535940 0.358047 0.106013 0.000000 0.641953       0.000000
B322_0295                           2  0.509609 0.398598 0.091793 0.000226 0.601402       0.000226
B322_0463                           2  0.575339 0.271267 0.153394 0.000904 0.728733       0.000904
B322_0490                           2  0.498416 0.419457 0.082127 0.000904 0.580543       0.000904
B322_0050                           2  0.561483 0.313291 0.125226 0.000000 0.686709       0.000000
B322_0441                           2  0.507007 0.408002 0.084991 0.000000 0.591998       0.000000
B322_0447                           2  0.500226 0.397332 0.102442 0.000452 0.602668       0.000452
B322_0479                           2  0.501131 0.407919 0.090950 0.000904 0.592081       0.000904
B322_0474                           2  0.513936 0.412191 0.073873 0.002486 0.587809       0.002486
B322_0469                           2  0.499887 0.422267 0.077846 0.001130 0.577733       0.001130
B322_0482                           2  0.501583 0.414971 0.083446 0.000452 0.585029       0.000452
B322_0418                           2  0.511881 0.393528 0.094592 0.001130 0.606472       0.001130
B322_0419                           2  0.499774 0.411951 0.088275 0.001356 0.588049       0.001356
B322_0225                           2  0.496374 0.429964 0.073663 0.002712 0.570036       0.002712
B322_0646                           2  0.513336 0.394892 0.091772 0.000000 0.605108       0.000000
B322_0048                           2  0.528853 0.356189 0.114958 0.001130 0.643811       0.001130
B322_0197                           2  0.479656 0.433770 0.086573 0.000000 0.566230       0.000000
B322_0406                           2  0.481222 0.425792 0.092986 0.000904 0.574208       0.000904
B322_0405                           2  0.505544 0.408463 0.085992 0.001130 0.591537       0.001130
B322_0476                           2  0.494349 0.432640 0.073011 0.000000 0.567360       0.000000
B322_0478                           2  0.520796 0.394892 0.084313 0.000000 0.605108       0.000000
B322_0489                           2  0.536618 0.342224 0.121157 0.000000 0.657776       0.000000
B322_0413                           2  0.493777 0.403032 0.103191 0.001130 0.596968       0.001130
B322_0433                           2  0.496269 0.406511 0.097219 0.000226 0.593489       0.000226
B322_0674                           2  0.534147 0.340570 0.125283 0.000452 0.659430       0.000452
B322_0635                           2  0.510172 0.412749 0.077080 0.000000 0.587251       0.000000
B322_0670                           2  0.481800 0.436355 0.081845 0.000226 0.563645       0.000226
B322_0683                           2  0.493445 0.419982 0.086573 0.000000 0.580018       0.000000
B322_0689                           2  0.509157 0.384581 0.106263 0.000226 0.615419       0.000226
B322_0671                           2  0.491518 0.408052 0.100430 0.000678 0.591947       0.000678
B322_0675                           2  0.532579 0.371719 0.095701 0.000904 0.628281       0.000904
B322_0654                           2  0.543665 0.338462 0.117873 0.000904 0.661538       0.000904
B322_0667                           2  0.534721 0.331147 0.134133 0.000678 0.668853       0.000678
B322_0658                           2  0.583162 0.267902 0.148936 0.011980 0.732098       0.011980
B322_0679                           2  0.501584 0.410633 0.087783 0.000904 0.589366       0.000904
B322_0690                           2  0.531542 0.382145 0.086313 0.007459 0.617855       0.007459
B322_0634                           2  0.517756 0.382040 0.100204 0.000678 0.617960       0.000678
B322_0662                           2  0.524090 0.371635 0.104275 0.000678 0.628365       0.000678
B322_0694                           2  0.497966 0.414105 0.087929 0.000000 0.585895       0.000000
B322_0650                           2  0.483827 0.427957 0.088215 0.000678 0.572043       0.000678
B322_0693                           2  0.502490 0.416252 0.081258 0.001356 0.583748       0.001356
B322_0629                           2  0.487694 0.428213 0.084093 0.008137 0.571787       0.008137
B322_0666                           2  0.513795 0.392583 0.093623 0.000452 0.607417       0.000452
B322_0633                           2  0.517405 0.399186 0.083409 0.000000 0.600814       0.000000
B322_0657                           2  0.500226 0.423373 0.076401 0.000000 0.576627       0.000000
B322_0682                           2  0.494458 0.438362 0.067179 0.000678 0.561638       0.000678
B322_0691                           2  0.514925 0.398688 0.086386 0.000452 0.601312       0.000452
B322_0686                           2  0.543296 0.337328 0.119376 0.000226 0.662672       0.000226
B322_0661                           2  0.605382 0.225011 0.169607 0.000452 0.774989       0.000452
B322_0625                           2  0.513348 0.387557 0.099095 0.000904 0.612443       0.000904
B322_0692                           2  0.497966 0.407550 0.094485 0.000000 0.592450       0.000000
B322_0678                           2  0.556962 0.300859 0.142179 0.000000 0.699141       0.000000
B322_0649                           2  0.518535 0.387658 0.093807 0.000000 0.612342       0.000000
B322_0209                           2  0.524423 0.363184 0.112393 0.000452 0.636816       0.000452
B322_0205                           2  0.503843 0.353978 0.142179 0.000000 0.646022       0.000000
B322_0207                           2  0.481422 0.457716 0.060862 0.008363 0.542284       0.008363
B322_0204                           2  0.525124 0.375057 0.099819 0.001356 0.624943       0.001356
B322_0211                           2  0.643652 0.162389 0.193959 0.004747 0.837611       0.004747
B322_0232                           2  0.505882 0.426244 0.067873 0.000904 0.573756       0.000904
B322_0260                           2  0.506103 0.404837 0.089060 0.000000 0.595163       0.000000
B322_0255                           2  0.547366 0.321953 0.130681 0.000226 0.678047       0.000226
B322_0236                           2  0.568264 0.283002 0.148734 0.000000 0.716998       0.000000
B322_0252                           2  0.485307 0.430832 0.083861 0.000000 0.569168       0.000000
B322_0256                           2  0.481691 0.424955 0.093354 0.000000 0.575045       0.000000
B322_0262                           2  0.499208 0.402850 0.097942 0.000678 0.597150       0.000678
B322_0258                           2  0.524412 0.377260 0.098327 0.000000 0.622740       0.000000
B322_0231                           2  0.497623 0.407743 0.094634 0.001582 0.592257       0.001582
B322_0229                           2  0.500453 0.409502 0.090045 0.000904 0.590498       0.000904
B322_0254                           2  0.512884 0.395570 0.091546 0.000000 0.604430       0.000000
B322_0261                           2  0.525124 0.375057 0.099819 0.001356 0.624943       0.001356
B322_0234                           2  0.496609 0.431962 0.071429 0.000000 0.568038       0.000000
B322_0264                           2  0.526340 0.356545 0.117115 0.000226 0.643455       0.000226
B322_0257                           2  0.472600 0.430707 0.096694 0.001808 0.569293       0.001808
B322_0235                           2  0.483382 0.421659 0.094958 0.000226 0.578340       0.000226
B322_0247                           2  0.522830 0.385398 0.091772 0.000000 0.614602       0.000000
B322_0239                           2  0.476944 0.421790 0.101266 0.000000 0.578210       0.000000
B322_0253                           2  0.503617 0.393309 0.103074 0.000000 0.606691       0.000000
B322_0238                           2  0.509391 0.401222 0.089387 0.001130 0.598778       0.001130
B322_0237                           2  0.519810 0.383971 0.096219 0.001582 0.616029       0.001582
B322_0242                           2  0.480434 0.438589 0.080977 0.000678 0.561411       0.000678
B322_0250                           2  0.559675 0.301763 0.138562 0.000000 0.698237       0.000000
B322_0241                           2  0.518987 0.388336 0.092676 0.000000 0.611664       0.000000
B322_0243                           2  0.516844 0.413068 0.070088 0.000226 0.586932       0.000226
B322_0249                           2  0.489376 0.430606 0.080018 0.000000 0.569394       0.000000
B322_0296                           2  0.503617 0.393309 0.103074 0.000000 0.606691       0.000000
B322_0221                           2  0.528601 0.363554 0.107845 0.000226 0.636446       0.000226
B322_0226                           2  0.536005 0.327219 0.136775 0.001808 0.672781       0.001808
B322_0291                           2  0.538879 0.347197 0.113924 0.000000 0.652803       0.000000
B322_0228                           2  0.493445 0.424503 0.082052 0.000000 0.575497       0.000000
B322_0292                           2  0.495479 0.423599 0.080922 0.000000 0.576401       0.000000
B322_0222                           2  0.512438 0.413614 0.073948 0.000452 0.586386       0.000452
B322_0290                           2  0.522300 0.359520 0.118180 0.001582 0.640480       0.001582
B322_0293                           2  0.532668 0.324637 0.142695 0.003617 0.675363       0.003617
B322_0220                           2  0.530543 0.371719 0.097738 0.000904 0.628281       0.000904
B322_0297                           2  0.516742 0.395701 0.087557 0.000904 0.604299       0.000904
B322_0299                           2  0.485075 0.418589 0.096336 0.000452 0.581411       0.000452
B322_0215                           2  0.499321 0.402715 0.097964 0.000904 0.597285       0.000904
B322_0212                           2  0.481339 0.423886 0.094775 0.000678 0.576114       0.000678
B322_0265                           2  0.498643 0.403846 0.097511 0.000904 0.596154       0.000904
B322_0266                           2  0.473553 0.438743 0.087703 0.000000 0.561257       0.000000
B322_0267                           2  0.488472 0.435805 0.075723 0.000000 0.564195       0.000000
B322_0268                           2  0.518535 0.387206 0.094259 0.000000 0.612794       0.000000
B322_0269                           2  0.530967 0.379069 0.089964 0.000000 0.620931       0.000000
B322_0270                           2  0.504295 0.405967 0.089738 0.000000 0.594033       0.000000
B322_0271                           2  0.591680 0.275831 0.132489 0.000226 0.724169       0.000226
B322_0272                           2  0.503278 0.416233 0.080488 0.000226 0.583767       0.000226
B322_0274                           2  0.530289 0.382007 0.087703 0.000000 0.617993       0.000000
B322_0275                           2  0.558996 0.306058 0.134946 0.000000 0.693942       0.000000
B322_0276                           2  0.567134 0.259720 0.173146 0.000000 0.740280       0.000000
B322_0277                           2  0.487794 0.417043 0.095163 0.000000 0.582957       0.000000
B322_0279                           2  0.503843 0.402577 0.093580 0.000000 0.597423       0.000000
B322_0288                           2  0.512896 0.412443 0.074661 0.000904 0.587557       0.000904
B322_0578                           2  0.497400 0.411712 0.090889 0.000226 0.588288       0.000226
B322_0573                           2  0.529505 0.357676 0.112819 0.000226 0.642324       0.000226
B322_0568                           2  0.505539 0.406285 0.088175 0.000226 0.593715       0.000226
B322_0545                           2  0.501586 0.426597 0.071817 0.002260 0.573403       0.002260
B322_0600                           2  0.490387 0.418231 0.091382 0.000678 0.581769       0.000678
B322_0132                           2  0.492089 0.441230 0.066682 0.000000 0.558770       0.000000
B322_0133                           2  0.507135 0.418347 0.074519 0.002034 0.581653       0.002034
B322_0005                           2  0.509720 0.411392 0.078888 0.000000 0.588608       0.000000
B322_0280                           2  0.557792 0.296992 0.145216 0.000678 0.703008       0.000678
B322_0579                           2  0.509268 0.400769 0.089964 0.000000 0.599231       0.000000
B322_0565                           2  0.492990 0.411578 0.095432 0.000452 0.588422       0.000452
B322_0560                           2  0.475339 0.426018 0.098643 0.000904 0.573982       0.000904
B322_0515                           2  0.544304 0.325723 0.129973 0.000000 0.674277       0.000000
B322_0541                           2  0.514247 0.392809 0.092944 0.000452 0.607191       0.000452
B322_0592                           2  0.482595 0.425633 0.091772 0.000000 0.574367       0.000000
B322_0130                           2  0.543522 0.308388 0.148090 0.000226 0.691612       0.000226
B322_0107                           2  0.501131 0.402533 0.096336 0.000452 0.597467       0.000452
B322_0195                           2  0.538340 0.348111 0.113549 0.000678 0.651889       0.000678
B322_0006                           2  0.562387 0.316908 0.120705 0.000000 0.683092       0.000000
B322_0281                           2  0.491718 0.425686 0.082596 0.003843 0.574314       0.003843
B322_0577                           2  0.578888 0.251582 0.169530 0.000000 0.748418       0.000000
B322_0569                           2  0.496382 0.417006 0.086612 0.000452 0.582994       0.000452
B322_0554                           2  0.522774 0.384772 0.092454 0.002486 0.615228       0.002486
B322_0511                           2  0.486425 0.427149 0.086425 0.000904 0.572851       0.000904
B322_0516                           2  0.522520 0.410828 0.066652 0.006329 0.589172       0.006329
B322_0593                           2  0.493445 0.416817 0.089738 0.000000 0.583183       0.000000
B322_0103                           2  0.567488 0.284875 0.147637 0.000226 0.715126       0.000226
B322_0193                           2  0.484622 0.440977 0.074401 0.000452 0.559023       0.000452
B322_0105                           2  0.508708 0.421624 0.069667 0.000678 0.578376       0.000678
B322_0282                           2  0.502486 0.412071 0.085443 0.000000 0.587929       0.000000
B322_0591                           2  0.527922 0.378928 0.093149 0.000226 0.621072       0.000226
B322_0572                           2  0.481079 0.414910 0.104011 0.002486 0.585090       0.002486
B322_0574                           2  0.485747 0.438462 0.075792 0.000904 0.561538       0.000904
B322_0524                           2  0.520235 0.381867 0.097897 0.000226 0.618132       0.000226
B322_0512                           2  0.499774 0.397152 0.103074 0.000000 0.602848       0.000000
B322_0540                           2  0.520018 0.389957 0.090025 0.000678 0.610043       0.000678
B322_0597                           2  0.542948 0.335895 0.121157 0.000000 0.664105       0.000000
B322_0139                           2  0.522871 0.384737 0.092391 0.001808 0.615263       0.001808
B322_0101                           2  0.507685 0.406193 0.086121 0.000000 0.593807       0.000000
B322_0200                           2  0.504415 0.411139 0.084446 0.001582 0.588861       0.001582
B322_0116                           2  0.503408 0.430259 0.066333 0.004973 0.569741       0.004973
B322_0283                           2  0.538653 0.336799 0.124548 0.000000 0.663201       0.000000
B322_0590                           2  0.506444 0.406059 0.087497 0.000226 0.593941       0.000226
B322_0564                           2  0.510624 0.402577 0.086799 0.000000 0.597423       0.000000
B322_0567                           2  0.497852 0.421659 0.080488 0.000226 0.578341       0.000226
B322_0518                           2  0.493095 0.413176 0.093729 0.001582 0.586824       0.001582
B322_0520                           2  0.530289 0.382007 0.087703 0.000000 0.617993       0.000000
B322_0552                           2  0.460822 0.470588 0.068590 0.004747 0.529412       0.004747
B322_0143                           2  0.507919 0.422398 0.069683 0.000904 0.577602       0.000904
B322_0131                           2  0.504521 0.407550 0.087929 0.000000 0.592450       0.000000
B322_0108                           2  0.523282 0.369575 0.107143 0.000000 0.630425       0.000000
B322_0001                           2  0.567586 0.283906 0.148508 0.000000 0.716094       0.000000
B322_0141                           2  0.489256 0.439267 0.071477 0.000678 0.560733       0.000678
B322_0285                           2  0.527557 0.338852 0.133590 0.003391 0.661148       0.003391
B322_0583                           2  0.503506 0.415517 0.080977 0.000678 0.584483       0.000678
B322_0561                           2  0.503394 0.416063 0.080543 0.000904 0.583937       0.000904
B322_0559                           2  0.588595 0.285585 0.125820 0.001130 0.714415       0.001130
B322_0528                           2  0.494120 0.445047 0.060832 0.000452 0.554953       0.000452
B322_0505                           2  0.541506 0.365981 0.092513 0.000678 0.634019       0.000678
B322_0517                           2  0.486212 0.429024 0.084765 0.000000 0.570976       0.000000
B322_0121                           2  0.565325 0.278029 0.156646 0.000000 0.721971       0.000000
B322_0127                           2  0.485533 0.439873 0.074593 0.000000 0.560127       0.000000
B322_0115                           2  0.552840 0.329260 0.117900 0.001130 0.670740       0.001130
B322_0145                           2  0.534440 0.391907 0.073653 0.005651 0.608093       0.005651
B322_0286                           2  0.577651 0.296693 0.125656 0.008816 0.703307       0.008816
B322_0585                           2  0.514706 0.403167 0.082127 0.000904 0.596833       0.000904
B322_0562                           2  0.494799 0.425825 0.079376 0.000452 0.574175       0.000452
B322_0555                           2  0.493665 0.407466 0.098869 0.000904 0.592534       0.000904
B322_0525                           2  0.504185 0.425696 0.070120 0.000678 0.574304       0.000678
B322_0530                           2  0.497288 0.409584 0.093128 0.000000 0.590416       0.000000
B322_0523                           2  0.499661 0.431803 0.068537 0.000678 0.568197       0.000678
B322_0144                           2  0.519331 0.396563 0.084106 0.000226 0.603437       0.000226
B322_0122                           2  0.497510 0.422589 0.079900 0.001356 0.577411       0.001356
B322_0199                           2  0.503508 0.404616 0.091876 0.001130 0.595384       0.001130
B322_0148                           2  0.497740 0.409584 0.092676 0.000000 0.590416       0.000000
B322_0287                           2  0.502604 0.414761 0.082635 0.001582 0.585239       0.001582
B322_0582                           2  0.505208 0.408967 0.085824 0.001808 0.591033       0.001808
B322_0575                           2  0.483534 0.430843 0.085623 0.004747 0.569157       0.004747
B322_0558                           2  0.515055 0.391895 0.093050 0.001582 0.608105       0.001582
B322_0521                           2  0.481791 0.421172 0.097037 0.000678 0.578828       0.000678
B322_0538                           2  0.507591 0.414910 0.077498 0.002486 0.585090       0.002486
B322_0136                           2  0.527018 0.378702 0.094280 0.000226 0.621298       0.000226
B322_0123                           2  0.530967 0.379521 0.089512 0.000000 0.620479       0.000000
B322_0198                           2  0.498078 0.411712 0.090210 0.000226 0.588288       0.000226
B322_0151                           2  0.492089 0.414783 0.093128 0.000000 0.585217       0.000000
B322_0152                           2  0.495479 0.424051 0.080470 0.000000 0.575949       0.000000
B322_0165                           2  0.518913 0.406342 0.074745 0.002034 0.593658       0.002034
B322_0174                           2  0.496488 0.420349 0.083163 0.002486 0.579651       0.002486
B322_0028                           2  0.597964 0.204072 0.197964 0.000904 0.795928       0.000904
B322_0035                           2  0.482595 0.421338 0.096067 0.000000 0.578662       0.000000
B322_0040                           2  0.497396 0.415214 0.087390 0.001582 0.584786       0.001582
B322_0094                           2  0.508931 0.393850 0.097219 0.000226 0.606150       0.000226
B322_0017                           2  0.516501 0.376582 0.106917 0.000000 0.623418       0.000000
B322_0055                           2  0.492089 0.421790 0.086121 0.000000 0.578210       0.000000
B322_0082                           2  0.520697 0.389278 0.090025 0.000678 0.610722       0.000678
B322_0153                           2  0.514241 0.401673 0.084087 0.000000 0.598327       0.000000
B322_0166                           2  0.501470 0.409636 0.088894 0.000678 0.590364       0.000678
B322_0175                           2  0.504183 0.406738 0.089080 0.000226 0.593262       0.000226
B322_0025                           2  0.498528 0.411099 0.090374 0.002034 0.588901       0.002034
B322_0038                           2  0.503617 0.410036 0.086347 0.000000 0.589964       0.000000
B322_0071                           2  0.477396 0.422242 0.100362 0.000000 0.577758       0.000000
B322_0007                           2  0.490161 0.426827 0.083013 0.000678 0.573173       0.000678
B322_0018                           2  0.525221 0.379778 0.095001 0.000678 0.620222       0.000678
B322_0057                           2  0.519674 0.378788 0.101538 0.000452 0.621212       0.000452
B322_0087                           2  0.495705 0.445750 0.058544 0.000000 0.554250       0.000000
B322_0168                           2  0.620027 0.203210 0.176763 0.000000 0.796790       0.000000
B322_0178                           2  0.498530 0.424373 0.077097 0.000226 0.575627       0.000226
B322_0026                           2  0.494123 0.411618 0.094259 0.000000 0.588382       0.000000
B322_0100                           2  0.536166 0.353074 0.110759 0.000000 0.646926       0.000000
B322_0062                           2  0.479656 0.429250 0.091094 0.000000 0.570750       0.000000
B322_0008                           2  0.518083 0.386754 0.095163 0.000000 0.613246       0.000000
B322_0019                           2  0.495363 0.408505 0.096132 0.000678 0.591495       0.000678
B322_0064                           2  0.563320 0.275441 0.161239 0.000452 0.724559       0.000452
B322_0088                           2  0.502712 0.407776 0.089512 0.000000 0.592224       0.000000
B322_0707                           2  0.503280 0.423660 0.073060 0.000678 0.576340       0.000678
B322_0155                           2  0.505651 0.396248 0.098101 0.000000 0.603752       0.000000
B322_0169                           2  0.489145 0.413614 0.097241 0.000452 0.586386       0.000452
B322_0179                           2  0.522378 0.379973 0.097649 0.000000 0.620027       0.000000
B322_0034                           2  0.530183 0.378702 0.091115 0.000226 0.621298       0.000226
B322_0022                           2  0.511418 0.394981 0.093602 0.000226 0.605019       0.000226
B322_0063                           2  0.499208 0.418231 0.082561 0.000678 0.581769       0.000678
B322_0010                           2  0.490263 0.432292 0.077446 0.001808 0.567708       0.001808
B322_0020                           2  0.483608 0.415329 0.101063 0.000226 0.584671       0.000226
B322_0073                           2  0.562966 0.309292 0.127741 0.000226 0.690708       0.000226
B322_0090                           2  0.575888 0.275277 0.148835 0.000678 0.724723       0.000678
B322_0714                           2  0.496383 0.400316 0.103300 0.000000 0.599684       0.000000
B322_0157                           2  0.500452 0.405289 0.094259 0.000000 0.594711       0.000000
B322_0170                           2  0.503732 0.418005 0.078263 0.000678 0.581995       0.000678
B322_0180                           2  0.490617 0.417364 0.092019 0.000226 0.582636       0.000226
B322_0033                           2  0.536166 0.347197 0.116637 0.000000 0.652803       0.000000
B322_0030                           2  0.510739 0.405607 0.083654 0.000226 0.594393       0.000226
B322_0098                           2  0.605335 0.208183 0.186483 0.000000 0.791817       0.000000
B322_0070                           2  0.513348 0.406787 0.079864 0.000904 0.593213       0.000904
B322_0011                           2  0.537523 0.335443 0.127034 0.000000 0.664557       0.000000
B322_0021                           2  0.511754 0.393761 0.094485 0.000000 0.606239       0.000000
B322_0075                           2  0.486212 0.429702 0.084087 0.000000 0.570298       0.000000
B322_0092                           2  0.517522 0.411485 0.070993 0.000226 0.588515       0.000226
B322_0720                           2  0.505768 0.407148 0.087084 0.000678 0.592852       0.000678
B322_0161                           2  0.525316 0.379295 0.095389 0.000000 0.620705       0.000000
B322_0171                           2  0.513110 0.420434 0.066456 0.000000 0.579566       0.000000
B322_0182                           2  0.501470 0.407190 0.091341 0.000226 0.592810       0.000226
B322_0036                           2  0.505087 0.398598 0.096315 0.000226 0.601402       0.000226
B322_0054                           2  0.480869 0.448721 0.070410 0.001582 0.551279       0.001582
B322_0067                           2  0.498983 0.412842 0.088175 0.000226 0.587158       0.000226
B322_0012                           2  0.496494 0.427505 0.076001 0.000678 0.572495       0.000678
B322_0023                           2  0.465925 0.471149 0.062926 0.004973 0.528851       0.004973
B322_0078                           2  0.488303 0.430843 0.080854 0.004747 0.569157       0.004747
B322_0095                           2  0.489708 0.421398 0.088894 0.000678 0.578602       0.000678
B322_0162                           2  0.570880 0.274474 0.154646 0.000226 0.725526       0.000226
B322_0172                           2  0.497059 0.417873 0.085068 0.000904 0.582127       0.000904
B322_0185                           2  0.604072 0.185068 0.210860 0.000904 0.814932       0.000904
B322_0032                           2  0.591094 0.242993 0.165913 0.000000 0.757007       0.000000
B322_0029                           2  0.472423 0.445524 0.082052 0.000000 0.554476       0.000000
B322_0051                           2  0.481717 0.437202 0.081081 0.004747 0.562798       0.004747
B322_0066                           2  0.585669 0.231691 0.182640 0.000000 0.768309       0.000000
B322_0013                           2  0.494461 0.431608 0.073932 0.000226 0.568393       0.000226
B322_0080                           2  0.489261 0.410581 0.100158 0.000226 0.589419       0.000226
B322_0096                           2  0.517522 0.411485 0.070993 0.000226 0.588515       0.000226
B322_0163                           2  0.531540 0.331901 0.136559 0.000226 0.668099       0.000226
B322_0173                           2  0.509609 0.390911 0.099480 0.000226 0.609089       0.000226
B322_0190                           2  0.551779 0.309993 0.138228 0.002486 0.690007       0.002486
B322_0039                           2  0.475814 0.424503 0.099684 0.000000 0.575497       0.000000
B322_0041                           2  0.496722 0.421659 0.081619 0.000226 0.578340       0.000226
B322_0065                           2  0.517367 0.398865 0.083768 0.004295 0.601135       0.004295
B322_0076                           2  0.539018 0.325492 0.135490 0.000678 0.674508       0.000678
B322_0053                           2  0.484177 0.431736 0.084087 0.000000 0.568264       0.000000
B322_0708                           2  0.496268 0.411445 0.092287 0.000678 0.588555       0.000678
B322_0705                           2  0.539783 0.337251 0.122966 0.000000 0.662749       0.000000
B322_0009                           2  0.511121 0.415570 0.073309 0.004069 0.584430       0.004069
B322_0015                           2  0.497284 0.427795 0.074921 0.001356 0.572205       0.001356
B322_0016                           2  0.498192 0.419530 0.082278 0.000000 0.580470       0.000000
B322_0024                           2  0.480895 0.438164 0.080941 0.000226 0.561836       0.000226
B322_0031                           2  0.517631 0.380651 0.101718 0.000000 0.619349       0.000000
B322_0042                           2  0.514253 0.408145 0.077602 0.000904 0.591855       0.000904
B322_0043                           2  0.524186 0.392405 0.083409 0.000000 0.607595       0.000000
B322_0052                           2  0.495587 0.437429 0.066983 0.001130 0.562571       0.001130
B322_0060                           2  0.490506 0.403481 0.106013 0.000000 0.596519       0.000000
B322_0068                           2  0.517902 0.402281 0.079818 0.008816 0.597720       0.008816
B322_0069                           2  0.675413 0.099751 0.224836 0.000678 0.900249       0.000678
B322_0072                           2  0.518987 0.403481 0.077532 0.000000 0.596519       0.000000
B322_0077                           2  0.492767 0.439195 0.068038 0.000000 0.560805       0.000000
B322_0079                           2  0.517631 0.398734 0.083635 0.000000 0.601266       0.000000
B322_0083                           2  0.487000 0.441782 0.071219 0.000226 0.558218       0.000226
B322_0086                           2  0.630877 0.177215 0.191908 0.000000 0.822785       0.000000
B322_0089                           2  0.498644 0.416365 0.084991 0.000000 0.583635       0.000000
B322_0093                           2  0.477170 0.422694 0.100136 0.000000 0.577306       0.000000
B322_0097                           2  0.687047 0.086957 0.225996 0.001808 0.913043       0.001808
B322_0102                           2  0.507911 0.407098 0.084991 0.000000 0.592902       0.000000
B322_0104                           2  0.521926 0.380199 0.097875 0.000000 0.619801       0.000000
B322_0110                           2  0.509268 0.397378 0.093354 0.000000 0.602622       0.000000
B322_0111                           2  0.587703 0.256555 0.155741 0.000000 0.743445       0.000000
B322_0114                           2  0.494782 0.436252 0.068966 0.003617 0.563748       0.003617
B322_0117                           2  0.495023 0.423529 0.081448 0.000904 0.576471       0.000904
B322_0118                           2  0.473779 0.450949 0.075271 0.000000 0.549051       0.000000
B322_0119                           2  0.552792 0.346145 0.101063 0.000226 0.653855       0.000226
B322_0120                           2  0.491172 0.421910 0.086917 0.001356 0.578090       0.001356
B322_0124                           2  0.497620 0.440036 0.062344 0.002939 0.559964       0.002939
B322_0125                           2  0.534810 0.343807 0.121383 0.000000 0.656193       0.000000
B322_0134                           2  0.578436 0.269213 0.152351 0.000000 0.730787       0.000000
B322_0137                           2  0.505880 0.384215 0.109905 0.000452 0.615785       0.000452
B322_0138                           2  0.509839 0.365302 0.124859 0.000678 0.634698       0.000678
B322_0140                           2  0.502939 0.400090 0.096971 0.000000 0.599910       0.000000
B322_0146                           2  0.504056 0.424334 0.071611 0.024638 0.575666       0.024638
B322_0149                           2  0.499774 0.412297 0.087929 0.000000 0.587703       0.000000
B322_0150                           2  0.509507 0.420779 0.069715 0.001356 0.579221       0.001356
B322_0156                           2  0.506555 0.422694 0.070750 0.000000 0.577306       0.000000
B322_0159                           2  0.492767 0.439195 0.068038 0.000000 0.560805       0.000000
B322_0160                           2  0.500000 0.433032 0.066968 0.000904 0.566968       0.000904
B322_0167                           2  0.513685 0.406243 0.080072 0.000678 0.593757       0.000678
B322_0176                           2  0.509042 0.412071 0.078888 0.000000 0.587929       0.000000
B322_0177                           2  0.501356 0.419756 0.078888 0.000000 0.580244       0.000000
B322_0181                           2  0.536304 0.342683 0.121013 0.000678 0.657317       0.000678
B322_0186                           2  0.513336 0.403707 0.082957 0.000000 0.596293       0.000000
B322_0189                           2  0.485417 0.442234 0.072349 0.000226 0.557766       0.000226
B322_0191                           2  0.509383 0.408094 0.082523 0.000226 0.591906       0.000226
B322_0194                           2  0.478969 0.433740 0.087291 0.000452 0.566260       0.000452
B322_0201                           2  0.565778 0.296564 0.137658 0.000000 0.703436       0.000000
B322_0203                           2  0.485417 0.442234 0.072349 0.000226 0.557766       0.000226
B322_0208                           2  0.489140 0.434842 0.076018 0.000904 0.565158       0.000904
B322_0213                           2  0.498979 0.397322 0.103699 0.003843 0.602678       0.003843
B322_0214                           2  0.491514 0.420005 0.088482 0.001130 0.579995       0.001130
B322_0216                           2  0.514583 0.382320 0.103097 0.000226 0.617680       0.000226
B322_0218                           2  0.502034 0.415913 0.082052 0.000000 0.584087       0.000000
B322_0219                           2  0.511986 0.412483 0.075531 0.000452 0.587517       0.000452
B322_0227                           2  0.514473 0.409995 0.075531 0.000452 0.590005       0.000452
B322_0233                           2  0.495253 0.399186 0.105561 0.000000 0.600814       0.000000
B322_0244                           2  0.513000 0.404703 0.082297 0.000226 0.595297       0.000226
B322_0246                           2  0.495027 0.405967 0.099005 0.000000 0.594033       0.000000
B322_0248                           2  0.523282 0.362116 0.114602 0.000000 0.637884       0.000000
B322_0251                           2  0.503964 0.412231 0.083805 0.002034 0.587769       0.002034
B322_0259                           2  0.486205 0.435097 0.078697 0.000452 0.564903       0.000452
B322_0278                           2  0.476826 0.452182 0.070993 0.000226 0.547818       0.000226
B322_0300                           2  0.489487 0.414425 0.096089 0.000226 0.585575       0.000226
B322_0306                           2  0.505425 0.393309 0.101266 0.000000 0.606691       0.000000
B322_0309                           2  0.496157 0.439647 0.064195 0.000000 0.560353       0.000000
B322_0313                           2  0.533002 0.364150 0.102848 0.000000 0.635850       0.000000
B322_0322                           2  0.510398 0.362342 0.127260 0.000000 0.637658       0.000000
B322_0330                           2  0.488456 0.437981 0.073563 0.001356 0.562019       0.001356
B322_0337                           2  0.502716 0.385921 0.111363 0.001356 0.614079       0.001356
B322_0338                           2  0.620705 0.209087 0.170208 0.000000 0.790913       0.000000
B322_0342                           2  0.502712 0.416365 0.080922 0.000000 0.583635       0.000000
B322_0343                           2  0.529851 0.379240 0.090909 0.000452 0.620760       0.000452
B322_0351                           2  0.505885 0.403576 0.090539 0.001356 0.596424       0.001356
B322_0375                           2  0.520154 0.392437 0.087409 0.001808 0.607563       0.001808
B322_0377                           2  0.500678 0.412297 0.087025 0.000000 0.587703       0.000000
B322_0380                           2  0.558544 0.304928 0.136528 0.000000 0.695072       0.000000
B322_0383                           2  0.635850 0.172016 0.192134 0.000000 0.827984       0.000000
B322_0580                           2  0.469337 0.440824 0.089839 0.001130 0.559176       0.001130
B322_0713                           2  0.513788 0.384268 0.101944 0.000000 0.615732       0.000000
B322_0719                           2  0.479511 0.454607 0.065882 0.001582 0.545393       0.001582
B322_0722                           2  0.506781 0.400769 0.092450 0.000000 0.599231       0.000000
B322_0381                           2  0.644045 0.142564 0.213391 0.007459 0.857436       0.007459
B322_0428                           2  0.469033 0.456374 0.074593 0.000000 0.543626       0.000000
B322_0467                           2  0.511418 0.382772 0.105811 0.000226 0.617228       0.000226
B322_0502                           2  0.503166 0.392130 0.104704 0.000452 0.607870       0.000452
B322_0526                           2  0.529385 0.381555 0.089060 0.000000 0.618445       0.000000
B322_0542                           2  0.536304 0.342683 0.121013 0.000678 0.657317       0.000678
B322_0557                           2  0.494341 0.418742 0.086917 0.001356 0.581258       0.001356
B322_0587                           2  0.487794 0.437387 0.074819 0.000000 0.562613       0.000000
B322_0608                           2  0.492767 0.439195 0.068038 0.000000 0.560805       0.000000
B322_0627                           2  0.475362 0.454340 0.070298 0.000000 0.545660       0.000000
B322_0659                           2  0.534826 0.358661 0.106513 0.000452 0.641339       0.000452
B322_0704                           2  0.501808 0.396926 0.101266 0.000000 0.603074       0.000000
B322_0382                           2  0.717067 0.028972 0.253961 0.001356 0.971028       0.001356
B322_0431                           2  0.503737 0.411552 0.084711 0.002034 0.588448       0.002034
B322_0471                           2  0.511317 0.392938 0.095745 0.001356 0.607062       0.001356
B322_0504                           2  0.484622 0.430348 0.085029 0.000452 0.569652       0.000452
B322_0527                           2  0.502378 0.419706 0.077916 0.002034 0.580294       0.002034
B322_0543                           2  0.481087 0.438732 0.080181 0.002034 0.561268       0.002034
B322_0563                           2  0.486664 0.447107 0.066230 0.000000 0.552893       0.000000
B322_0589                           2  0.506338 0.379357 0.114305 0.001356 0.620643       0.001356
B322_0609                           2  0.478478 0.441097 0.080426 0.002260 0.558903       0.002260
B322_0640                           2  0.472423 0.453888 0.073689 0.000000 0.546112       0.000000
B322_0663                           2  0.501813 0.412738 0.085449 0.002712 0.587262       0.002712
B322_0706                           2  0.550859 0.304250 0.144892 0.000000 0.695750       0.000000
B322_0409                           2  0.525685 0.377008 0.097307 0.001130 0.622992       0.001130
B322_0437                           2  0.496036 0.438052 0.065912 0.002034 0.561948       0.002034
B322_0506                           2  0.488020 0.436031 0.075949 0.000000 0.563969       0.000000
B322_0529                           2  0.548088 0.322245 0.129667 0.001130 0.677755       0.001130
B322_0544                           2  0.503625 0.427050 0.069325 0.002260 0.572950       0.002260
B322_0566                           2  0.522270 0.378476 0.099254 0.000226 0.621524       0.000226
B322_0594                           2  0.511891 0.412005 0.076104 0.002034 0.587996       0.002034
B322_0611                           2  0.499660 0.431710 0.068630 0.002034 0.568290       0.002034
B322_0642                           2  0.544241 0.334012 0.121747 0.001130 0.665988       0.001130
B322_0688                           2  0.521522 0.388310 0.090168 0.002260 0.611690       0.002260
B322_0710                           2  0.621072 0.217952 0.160977 0.000226 0.782048       0.000226
B322_0411                           2  0.501817 0.418937 0.079246 0.004521 0.581063       0.004521
B322_0442                           2  0.504217 0.415318 0.080465 0.008363 0.584682       0.008363
B322_0485                           2  0.533680 0.351718 0.114602 0.000000 0.648282       0.000000
B322_0532                           2  0.505997 0.420005 0.073999 0.001130 0.579995       0.001130
B322_0547                           2  0.501583 0.403211 0.095206 0.000452 0.596789       0.000452
B322_0571                           2  0.519348 0.383797 0.096854 0.001130 0.616203       0.001130
B322_0595                           2  0.469485 0.455922 0.074593 0.000000 0.544078       0.000000
B322_0614                           2  0.620705 0.209087 0.170208 0.000000 0.790913       0.000000
B322_0644                           2  0.517873 0.384842 0.097285 0.000904 0.615158       0.000904
B322_0695                           2  0.511302 0.391953 0.096745 0.000000 0.608047       0.000000
B322_0711                           2  0.496138 0.427306 0.076556 0.004973 0.572694       0.004973
B322_0412                           2  0.508357 0.418292 0.073352 0.026221 0.581708       0.026221
B322_0443                           2  0.512217 0.388688 0.099095 0.000904 0.611312       0.000904
B322_0486                           2  0.505206 0.395428 0.099366 0.001356 0.604572       0.001356
B322_0509                           2  0.614828 0.216320 0.168852 0.000000 0.783680       0.000000
B322_0535                           2  0.502939 0.414105 0.082957 0.000000 0.585895       0.000000
B322_0548                           2  0.504751 0.411086 0.084163 0.000904 0.588914       0.000904
B322_0576                           2  0.506329 0.393083 0.100588 0.000000 0.606917       0.000000
B322_0596                           2  0.558460 0.320187 0.121354 0.031420 0.679813       0.031420
B322_0619                           2  0.500227 0.424807 0.074966 0.004973 0.575193       0.004973
B322_0645                           2  0.491522 0.433642 0.074836 0.000226 0.566358       0.000226
B322_0697                           2  0.497398 0.423173 0.079430 0.001130 0.576827       0.001130
B322_0715                           2  0.506329 0.412975 0.080696 0.000000 0.587025       0.000000
B322_0417                           2  0.498077 0.403076 0.098846 0.000678 0.596924       0.000678
B322_0444                           2  0.482478 0.427312 0.090210 0.000226 0.572688       0.000226
B322_0492                           2  0.551560 0.341022 0.107417 0.000452 0.658978       0.000452
B322_0513                           2  0.495931 0.404611 0.099458 0.000000 0.595389       0.000000
B322_0536                           2  0.520824 0.351290 0.127886 0.001356 0.648710       0.001356
B322_0549                           2  0.485857 0.454175 0.059968 0.001130 0.545825       0.001130
B322_0581                           2  0.482993 0.437868 0.079138 0.003165 0.562132       0.003165
B322_0598                           2  0.489130 0.438179 0.072690 0.001808 0.561821       0.001808
B322_0621                           2  0.497061 0.417043 0.085895 0.000000 0.582957       0.000000
B322_0652                           2  0.513458 0.410541 0.076001 0.000678 0.589459       0.000678
B322_0698                           2  0.536844 0.357821 0.105335 0.000000 0.642179       0.000000
B322_0716                           2  0.635829 0.184347 0.179824 0.000678 0.815653       0.000678
B322_0421                           2  0.492276 0.437528 0.070195 0.004973 0.562472       0.004973
B322_0448                           2  0.504747 0.401447 0.093807 0.000000 0.598553       0.000000
B322_0498                           2  0.499433 0.438648 0.061919 0.003391 0.561352       0.003391
B322_0514                           2  0.509042 0.387206 0.103752 0.000000 0.612794       0.000000
B322_0537                           2  0.491391 0.450838 0.057771 0.002260 0.549162       0.002260
B322_0553                           2  0.500000 0.415235 0.084765 0.000000 0.584765       0.000000
B322_0584                           2  0.498868 0.422328 0.078804 0.001808 0.577672       0.001808
B322_0599                           2  0.508708 0.396969 0.094323 0.000678 0.603031       0.000678
B322_0624                           2  0.580018 0.264014 0.155967 0.000000 0.735986       0.000000
B322_0655                           2  0.506223 0.418194 0.075583 0.001130 0.581806       0.001130
B322_0700                           2  0.519331 0.383676 0.096993 0.000226 0.616324       0.000226
B322_0721                           2  0.554375 0.310423 0.135202 0.000226 0.689577       0.000226
B322_0422                           2  0.509528 0.384074 0.106397 0.003617 0.615926       0.003617
B322_0454                           2  0.518652 0.381867 0.099480 0.000226 0.618132       0.000226
B322_0499                           2  0.504087 0.431426 0.064487 0.004521 0.568574       0.004521
B322_0519                           2  0.481909 0.432610 0.085482 0.000452 0.567390       0.000452
B322_0539                           2  0.503280 0.424565 0.072156 0.000678 0.575435       0.000678
B322_0556                           2  0.486315 0.432255 0.081430 0.000678 0.567745       0.000678
B322_0586                           2  0.505765 0.425277 0.068958 0.000226 0.574723       0.000226
B322_0606                           2  0.482930 0.449243 0.067827 0.000226 0.550757       0.000226
B322_0626                           2  0.494123 0.413879 0.091998 0.000000 0.586121       0.000000
B322_0656                           2  0.500566 0.412271 0.087163 0.001582 0.587729       0.001582
B322_0702                           2  0.502939 0.413427 0.083635 0.000000 0.586573       0.000000
B322_0725                           2  0.517179 0.387658 0.095163 0.000000 0.612342       0.000000
