* missing loci ignored.
ID                               Chip  Call0*   Call1*   Call2*   Call5    Homo*    Missing_allele
L2F22244                            1  0.489930 0.436977 0.073093 0.001130 0.563023       0.001130
L2F22608                            1  0.533484 0.341629 0.124887 0.000904 0.658371       0.000904
L2F22750                            1  0.522969 0.382439 0.094592 0.001130 0.617561       0.001130
L2F22756                            1  0.518652 0.377798 0.103550 0.000226 0.622202       0.000226
L2F23517                            1  0.516999 0.385993 0.097008 0.002712 0.614007       0.002712
L2F20534                            1  0.512664 0.405925 0.081411 0.000452 0.594075       0.000452
L2M20039                            1  0.509046 0.415423 0.075531 0.000452 0.584577       0.000452
L2M20255                            1  0.498073 0.417366 0.084561 0.002939 0.582634       0.002939
L2F22528                            1  0.500453 0.426923 0.072624 0.000904 0.573077       0.000904
L2F21694                            1  0.493539 0.414192 0.092269 0.002939 0.585808       0.002939
L2M20152                            1  0.496375 0.422293 0.081332 0.002260 0.577707       0.002260
L2M20327                            1  0.500000 0.417387 0.082613 0.006781 0.582613       0.006781
L2F21741                            1  0.565709 0.308075 0.126216 0.000678 0.691925       0.000678
L2F22476                            1  0.509507 0.356949 0.133545 0.001356 0.643051       0.001356
L2F21039                            1  0.529638 0.359050 0.111312 0.000904 0.640950       0.000904
L2F24283                            1  0.524111 0.380575 0.095314 0.001582 0.619425       0.001582
L2F22809                            1  0.507237 0.403663 0.089100 0.000452 0.596336       0.000452
L2F22827                            1  0.476944 0.452984 0.070072 0.000000 0.547016       0.000000
L2M20125                            1  0.524876 0.371325 0.103799 0.000452 0.628675       0.000452
L2M20271                            1  0.478271 0.467632 0.054097 0.001356 0.532368       0.001356
L2M20308                            1  0.514370 0.400543 0.085087 0.001130 0.599457       0.001130
L2F20671                            1  0.535900 0.357191 0.106908 0.002034 0.642809       0.002034
L1M10002                            1  0.479530 0.422076 0.098394 0.000678 0.577924       0.000678
L2M20360                            1  0.494677 0.402945 0.102378 0.002034 0.597055       0.002034
L2F22496                            1  0.486089 0.436100 0.077810 0.000678 0.563900       0.000678
L2F24065                            1  0.540479 0.340344 0.119177 0.000452 0.659656       0.000452
L2F23443                            1  0.498867 0.423425 0.077707 0.002260 0.576575       0.002260
L2F23521                            1  0.488235 0.401810 0.109955 0.000904 0.598190       0.000904
L2F22142                            1  0.493774 0.390310 0.115916 0.001582 0.609690       0.001582
L2M20171                            1  0.476137 0.441077 0.082787 0.000678 0.558923       0.000678
L2M20276                            1  0.535294 0.324661 0.140045 0.000904 0.675339       0.000904
L2F20756                            1  0.528613 0.332278 0.139109 0.000678 0.667722       0.000678
L2F22901                            1  0.483250 0.418968 0.097782 0.001356 0.581032       0.001356
L2M20172                            1  0.491168 0.427536 0.081295 0.001808 0.572464       0.001808
L2F23949                            1  0.503055 0.409595 0.087350 0.001130 0.590405       0.001130
L2F20682                            1  0.513968 0.383375 0.102657 0.004747 0.616625       0.004747
L2F23226                            1  0.515487 0.387068 0.097445 0.000226 0.612932       0.000226
L2F22907                            1  0.492990 0.409543 0.097467 0.000452 0.590457       0.000452
L2F21932                            1  0.511081 0.415875 0.073044 0.000452 0.584125       0.000452
L2M20182                            1  0.493439 0.428733 0.077828 0.000904 0.571267       0.000904
L2M20288                            1  0.500791 0.407190 0.092019 0.000226 0.592810       0.000226
L2M20222                            1  0.488688 0.426471 0.084842 0.000904 0.573529       0.000904
L2M20382                            1  0.623897 0.190993 0.185110 0.001130 0.809007       0.001130
L2F21010                            1  0.500000 0.415837 0.084163 0.000904 0.584163       0.000904
L2F22306                            1  0.525769 0.371383 0.102848 0.000000 0.628617       0.000000
L2F22374                            1  0.506446 0.388374 0.105180 0.000678 0.611626       0.000678
L2F22410                            1  0.532564 0.363410 0.104025 0.000452 0.636590       0.000452
L2F23414                            1  0.533967 0.365716 0.100317 0.001808 0.634284       0.001808
L2F22055                            1  0.509728 0.393213 0.097059 0.000904 0.606787       0.000904
L2M20195                            1  0.508824 0.389367 0.101810 0.000904 0.610633       0.000904
L2M20300                            1  0.500905 0.430317 0.068778 0.000904 0.569683       0.000904
L2F21054                            1  0.485494 0.405485 0.109021 0.002712 0.594515       0.002712
L2F22429                            1  0.477592 0.459710 0.062698 0.001356 0.540290       0.001356
L2M20257                            1  0.513605 0.385714 0.100680 0.003165 0.614286       0.003165
L2F22141                            1  0.517296 0.408546 0.074158 0.000226 0.591454       0.000226
L2F21995                            1  0.492308 0.409276 0.098416 0.000904 0.590724       0.000904
L2F21322                            1  0.494911 0.403076 0.102013 0.000678 0.596924       0.000678
L2F24282                            1  0.475017 0.448564 0.076419 0.000226 0.551436       0.000226
L2F21005                            1  0.563447 0.290884 0.145668 0.000678 0.709116       0.000678
L2M20111                            1  0.474553 0.444243 0.081203 0.000678 0.555757       0.000678
L2M20220                            1  0.499322 0.402759 0.097919 0.000452 0.597241       0.000452
L2F22218                            1  0.501583 0.396201 0.102216 0.000452 0.603799       0.000452
L2F20884                            1  0.523799 0.371940 0.104261 0.002712 0.628060       0.002712
L2M20261                            1  0.546896 0.313321 0.139783 0.002260 0.686679       0.002260
L2F22403                            1  0.502262 0.405656 0.092081 0.000904 0.594344       0.000904
L2F22514                            1  0.496038 0.392574 0.111388 0.001582 0.607426       0.001582
L2F21328                            1  0.495020 0.421910 0.083069 0.001356 0.578090       0.001356
L2F21107                            1  0.523303 0.357919 0.118778 0.000904 0.642081       0.000904
L2F23481                            1  0.527577 0.355561 0.116863 0.000000 0.644439       0.000000
L2M20232                            1  0.540131 0.333484 0.126385 0.000226 0.666516       0.000226
L2M20275                            1  0.497285 0.382579 0.120136 0.000904 0.617421       0.000904
L2F22157                            1  0.501471 0.408463 0.090066 0.001130 0.591537       0.001130
L2M20241                            1  0.474553 0.445601 0.079846 0.000678 0.554399       0.000678
L2M20285                            1  0.483608 0.417364 0.099028 0.000226 0.582636       0.000226
L2F21389                            1  0.481674 0.416290 0.102036 0.000904 0.583710       0.000904
L2F22572                            1  0.508030 0.419815 0.072156 0.000678 0.580185       0.000678
L2F21637                            1  0.544796 0.336199 0.119005 0.000904 0.663801       0.000904
L2F21811                            1  0.495929 0.419720 0.084351 0.000452 0.580280       0.000452
L2F20598                            1  0.484046 0.425436 0.090518 0.001130 0.574564       0.001130
L2F21075                            1  0.510287 0.424373 0.065340 0.000226 0.575627       0.000226
L2F21569                            1  0.480817 0.423383 0.095800 0.004295 0.576617       0.004295
L2M20249                            1  0.474089 0.448065 0.077846 0.001130 0.551935       0.001130
L2F22872                            1  0.519575 0.364788 0.115637 0.001130 0.635212       0.001130
L2F21256                            1  0.522222 0.384580 0.093197 0.003165 0.615420       0.003165
L2M20231                            1  0.503296 0.412366 0.084337 0.005651 0.587634       0.005651
L2M20325                            1  0.422535 0.521127 0.056338 0.983951 0.478873       0.983951
B322_0370                           2  0.450704 0.464789 0.084507 0.983951 0.535211       0.983951
B322_0217                           2  0.535211 0.352113 0.112676 0.983951 0.647887       0.983951
B322_0497                           2  0.521127 0.394366 0.084507 0.983951 0.605634       0.983951
B322_0027                           2  0.563380 0.309859 0.126761 0.983951 0.690141       0.983951
B322_0531                           2  0.507042 0.408451 0.084507 0.983951 0.591549       0.983951
B322_0449                           2  0.408451 0.549296 0.042254 0.983951 0.450704       0.983951
B322_0460                           2  0.408451 0.464789 0.126761 0.983951 0.535211       0.983951
B322_0466                           2  0.591549 0.309859 0.098592 0.983951 0.690141       0.983951
B322_0493                           2  0.647887 0.239437 0.112676 0.983951 0.760563       0.983951
B322_0446                           2  0.535211 0.422535 0.042254 0.983951 0.577465       0.983951
B322_0142                           2  0.542857 0.400000 0.057143 0.984177 0.600000       0.984177
B322_0628                           2  0.661972 0.183099 0.154930 0.983951 0.816901       0.983951
B322_0430                           2  0.549296 0.352113 0.098592 0.983951 0.647887       0.983951
B322_0551                           2  0.492958 0.436620 0.070423 0.983951 0.563380       0.983951
B322_0456                           2  0.521127 0.309859 0.169014 0.983951 0.690141       0.983951
B322_0461                           2  0.514286 0.442857 0.042857 0.984177 0.557143       0.984177
B322_0462                           2  0.450704 0.225352 0.323944 0.983951 0.774648       0.983951
B322_0488                           2  0.535211 0.338028 0.126761 0.983951 0.661972       0.983951
B322_0487                           2  0.563380 0.394366 0.042254 0.983951 0.605634       0.983951
B322_0425                           2  0.492958 0.450704 0.056338 0.983951 0.549296       0.983951
B322_0403                           2  0.528571 0.357143 0.114286 0.984177 0.642857       0.984177
B322_0294                           2  0.478873 0.436620 0.084507 0.983951 0.563380       0.983951
B322_0664                           2  0.577465 0.323944 0.098592 0.983951 0.676056       0.983951
B322_0410                           2  0.492958 0.422535 0.084507 0.983951 0.577465       0.983951
B322_0435                           2  0.563380 0.408451 0.028169 0.983951 0.591549       0.983951
B322_0452                           2  0.535211 0.422535 0.042254 0.983951 0.577465       0.983951
B322_0458                           2  0.619718 0.253521 0.126761 0.983951 0.746479       0.983951
B322_0468                           2  0.577465 0.295775 0.126761 0.983951 0.704225       0.983951
B322_0494                           2  0.507042 0.366197 0.126761 0.983951 0.633803       0.983951
B322_0483                           2  0.464789 0.436620 0.098592 0.983951 0.563380       0.983951
B322_0420                           2  0.549296 0.309859 0.140845 0.983951 0.690141       0.983951
B322_0453                           2  0.549296 0.394366 0.056338 0.983951 0.605634       0.983951
B322_0630                           2  0.485714 0.414286 0.100000 0.984177 0.585714       0.984177
B322_0669                           2  0.633803 0.225352 0.140845 0.983951 0.774648       0.983951
B322_0326                           2  0.450704 0.507042 0.042254 0.983951 0.492958       0.983951
B322_0438                           2  0.563380 0.323944 0.112676 0.983951 0.676056       0.983951
B322_0450                           2  0.478873 0.422535 0.098592 0.983951 0.577465       0.983951
B322_0480                           2  0.521127 0.394366 0.084507 0.983951 0.605634       0.983951
B322_0473                           2  0.535211 0.380282 0.084507 0.983951 0.619718       0.983951
B322_0495                           2  0.535211 0.380282 0.084507 0.983951 0.619718       0.983951
B322_0429                           2  0.464789 0.436620 0.098592 0.983951 0.563380       0.983951
B322_0263                           2  0.500000 0.471429 0.028571 0.984177 0.528571       0.984177
B322_0475                           2  0.464789 0.436620 0.098592 0.983951 0.563380       0.983951
B322_0677                           2  0.408451 0.535211 0.056338 0.983951 0.464789       0.983951
B322_0112                           2  0.464789 0.464789 0.070423 0.983951 0.535211       0.983951
B322_0440                           2  0.380282 0.478873 0.140845 0.983951 0.521127       0.983951
B322_0439                           2  0.478873 0.239437 0.281690 0.983951 0.760563       0.983951
B322_0455                           2  0.619718 0.281690 0.098592 0.983951 0.718310       0.983951
B322_0457                           2  0.492958 0.464789 0.042254 0.983951 0.535211       0.983951
B322_0470                           2  0.542857 0.342857 0.114286 0.984177 0.657143       0.984177
B322_0500                           2  0.478873 0.408451 0.112676 0.983951 0.591549       0.983951
B322_0424                           2  0.557143 0.357143 0.085714 0.984177 0.642857       0.984177
B322_0615                           2  0.661972 0.169014 0.169014 0.983951 0.830986       0.983951
B322_0570                           2  0.492958 0.464789 0.042254 0.983951 0.535211       0.983951
B322_0653                           2  0.535211 0.394366 0.070423 0.983951 0.605634       0.983951
B322_0109                           2  0.563380 0.352113 0.084507 0.983951 0.647887       0.983951
B322_0434                           2  0.464789 0.380282 0.154930 0.983951 0.619718       0.983951
B322_0445                           2  0.492958 0.422535 0.084507 0.983951 0.577465       0.983951
B322_0404                           2  0.535211 0.338028 0.126761 0.983951 0.661972       0.983951
B322_0465                           2  0.464789 0.450704 0.084507 0.983951 0.549296       0.983951
B322_0496                           2  0.366197 0.577465 0.056338 0.983951 0.422535       0.983951
B322_0481                           2  0.464789 0.380282 0.154930 0.983951 0.619718       0.983951
B322_0416                           2  0.619718 0.323944 0.056338 0.983951 0.676056       0.983951
B322_0415                           2  0.577465 0.323944 0.098592 0.983951 0.676056       0.983951
B322_0295                           2  0.492958 0.422535 0.084507 0.983951 0.577465       0.983951
B322_0463                           2  0.633803 0.197183 0.169014 0.983951 0.802817       0.983951
B322_0490                           2  0.507042 0.422535 0.070423 0.983951 0.577465       0.983951
B322_0050                           2  0.619718 0.267606 0.112676 0.983951 0.732394       0.983951
B322_0441                           2  0.535211 0.380282 0.084507 0.983951 0.619718       0.983951
B322_0447                           2  0.464789 0.380282 0.154930 0.983951 0.619718       0.983951
B322_0479                           2  0.577465 0.338028 0.084507 0.983951 0.661972       0.983951
B322_0474                           2  0.408451 0.478873 0.112676 0.983951 0.521127       0.983951
B322_0469                           2  0.492958 0.380282 0.126761 0.983951 0.619718       0.983951
B322_0482                           2  0.577465 0.352113 0.070423 0.983951 0.647887       0.983951
B322_0418                           2  0.436620 0.422535 0.140845 0.983951 0.577465       0.983951
B322_0419                           2  0.535211 0.366197 0.098592 0.983951 0.633803       0.983951
B322_0225                           2  0.478873 0.450704 0.070423 0.983951 0.549296       0.983951
B322_0646                           2  0.500000 0.414286 0.085714 0.984177 0.585714       0.984177
B322_0048                           2  0.577465 0.352113 0.070423 0.983951 0.647887       0.983951
B322_0197                           2  0.535211 0.366197 0.098592 0.983951 0.633803       0.983951
B322_0406                           2  0.577465 0.366197 0.056338 0.983951 0.633803       0.983951
B322_0405                           2  0.549296 0.366197 0.084507 0.983951 0.633803       0.983951
B322_0476                           2  0.492958 0.394366 0.112676 0.983951 0.605634       0.983951
B322_0478                           2  0.549296 0.323944 0.126761 0.983951 0.676056       0.983951
B322_0489                           2  0.535211 0.309859 0.154930 0.983951 0.690141       0.983951
B322_0413                           2  0.521127 0.380282 0.098592 0.983951 0.619718       0.983951
B322_0433                           2  0.535211 0.380282 0.084507 0.983951 0.619718       0.983951
B322_0674                           2  0.514286 0.371429 0.114286 0.984177 0.628571       0.984177
B322_0635                           2  0.535211 0.422535 0.042254 0.983951 0.577465       0.983951
B322_0670                           2  0.436620 0.507042 0.056338 0.983951 0.492958       0.983951
B322_0683                           2  0.507042 0.408451 0.084507 0.983951 0.591549       0.983951
B322_0689                           2  0.563380 0.338028 0.098592 0.983951 0.661972       0.983951
B322_0671                           2  0.464789 0.436620 0.098592 0.983951 0.563380       0.983951
B322_0675                           2  0.619718 0.323944 0.056338 0.983951 0.676056       0.983951
B322_0654                           2  0.549296 0.352113 0.098592 0.983951 0.647887       0.983951
B322_0667                           2  0.535211 0.352113 0.112676 0.983951 0.647887       0.983951
B322_0658                           2  0.563380 0.295775 0.140845 0.983951 0.704225       0.983951
B322_0679                           2  0.507042 0.380282 0.112676 0.983951 0.619718       0.983951
B322_0690                           2  0.514286 0.414286 0.071429 0.984177 0.585714       0.984177
B322_0634                           2  0.394366 0.492958 0.112676 0.983951 0.507042       0.983951
B322_0662                           2  0.535211 0.394366 0.070423 0.983951 0.605634       0.983951
B322_0694                           2  0.535211 0.338028 0.126761 0.983951 0.661972       0.983951
B322_0650                           2  0.549296 0.380282 0.070423 0.983951 0.619718       0.983951
B322_0693                           2  0.577465 0.352113 0.070423 0.983951 0.647887       0.983951
B322_0629                           2  0.422535 0.450704 0.126761 0.983951 0.549296       0.983951
B322_0666                           2  0.464789 0.380282 0.154930 0.983951 0.619718       0.983951
B322_0633                           2  0.619718 0.253521 0.126761 0.983951 0.746479       0.983951
B322_0657                           2  0.492958 0.422535 0.084507 0.983951 0.577465       0.983951
B322_0682                           2  0.549296 0.394366 0.056338 0.983951 0.605634       0.983951
B322_0691                           2  0.563380 0.352113 0.084507 0.983951 0.647887       0.983951
B322_0686                           2  0.535211 0.380282 0.084507 0.983951 0.619718       0.983951
B322_0661                           2  0.661972 0.154930 0.183099 0.983951 0.845070       0.983951
B322_0625                           2  0.549296 0.338028 0.112676 0.983951 0.661972       0.983951
B322_0692                           2  0.436620 0.436620 0.126761 0.983951 0.563380       0.983951
B322_0678                           2  0.535211 0.211268 0.253521 0.983951 0.788732       0.983951
B322_0649                           2  0.591549 0.267606 0.140845 0.983951 0.732394       0.983951
B322_0209                           2  0.507042 0.352113 0.140845 0.983951 0.647887       0.983951
B322_0205                           2  0.422535 0.464789 0.112676 0.983951 0.535211       0.983951
B322_0207                           2  0.591549 0.380282 0.028169 0.983951 0.619718       0.983951
B322_0204                           2  0.619718 0.281690 0.098592 0.983951 0.718310       0.983951
B322_0211                           2  0.542857 0.142857 0.314286 0.984177 0.857143       0.984177
B322_0232                           2  0.647887 0.267606 0.084507 0.983951 0.732394       0.983951
B322_0260                           2  0.585714 0.328571 0.085714 0.984177 0.671429       0.984177
B322_0255                           2  0.577465 0.295775 0.126761 0.983951 0.704225       0.983951
B322_0236                           2  0.591549 0.211268 0.197183 0.983951 0.788732       0.983951
B322_0252                           2  0.457143 0.485714 0.057143 0.984177 0.514286       0.984177
B322_0256                           2  0.478873 0.366197 0.154930 0.983951 0.633803       0.983951
B322_0262                           2  0.492958 0.366197 0.140845 0.983951 0.633803       0.983951
B322_0258                           2  0.614286 0.285714 0.100000 0.984177 0.714286       0.984177
B322_0231                           2  0.619718 0.295775 0.084507 0.983951 0.704225       0.983951
B322_0229                           2  0.450704 0.408451 0.140845 0.983951 0.591549       0.983951
B322_0254                           2  0.542857 0.371429 0.085714 0.984177 0.628571       0.984177
B322_0261                           2  0.619718 0.281690 0.098592 0.983951 0.718310       0.983951
B322_0234                           2  0.563380 0.394366 0.042254 0.983951 0.605634       0.983951
B322_0264                           2  0.535211 0.323944 0.140845 0.983951 0.676056       0.983951
B322_0257                           2  0.464789 0.422535 0.112676 0.983951 0.577465       0.983951
B322_0235                           2  0.535211 0.380282 0.084507 0.983951 0.619718       0.983951
B322_0247                           2  0.507042 0.380282 0.112676 0.983951 0.619718       0.983951
B322_0239                           2  0.485714 0.357143 0.157143 0.984177 0.642857       0.984177
B322_0253                           2  0.507042 0.394366 0.098592 0.983951 0.605634       0.983951
B322_0238                           2  0.507042 0.394366 0.098592 0.983951 0.605634       0.983951
B322_0237                           2  0.450704 0.436620 0.112676 0.983951 0.563380       0.983951
B322_0242                           2  0.385714 0.514286 0.100000 0.984177 0.485714       0.984177
B322_0250                           2  0.500000 0.228571 0.271429 0.984177 0.771429       0.984177
B322_0241                           2  0.549296 0.380282 0.070423 0.983951 0.619718       0.983951
B322_0243                           2  0.507042 0.408451 0.084507 0.983951 0.591549       0.983951
B322_0249                           2  0.450704 0.394366 0.154930 0.983951 0.605634       0.983951
B322_0296                           2  0.507042 0.394366 0.098592 0.983951 0.605634       0.983951
B322_0221                           2  0.408451 0.492958 0.098592 0.983951 0.507042       0.983951
B322_0226                           2  0.563380 0.323944 0.112676 0.983951 0.676056       0.983951
B322_0291                           2  0.535211 0.380282 0.084507 0.983951 0.619718       0.983951
B322_0228                           2  0.436620 0.464789 0.098592 0.983951 0.535211       0.983951
B322_0292                           2  0.450704 0.422535 0.126761 0.983951 0.577465       0.983951
B322_0222                           2  0.535211 0.394366 0.070423 0.983951 0.605634       0.983951
B322_0290                           2  0.563380 0.309859 0.126761 0.983951 0.690141       0.983951
B322_0293                           2  0.549296 0.253521 0.197183 0.983951 0.746479       0.983951
B322_0220                           2  0.535211 0.309859 0.154930 0.983951 0.690141       0.983951
B322_0297                           2  0.591549 0.281690 0.126761 0.983951 0.718310       0.983951
B322_0299                           2  0.577465 0.394366 0.028169 0.983951 0.605634       0.983951
B322_0215                           2  0.577465 0.338028 0.084507 0.983951 0.661972       0.983951
B322_0212                           2  0.577465 0.338028 0.084507 0.983951 0.661972       0.983951
B322_0265                           2  0.571429 0.342857 0.085714 0.984177 0.657143       0.984177
B322_0266                           2  0.428571 0.500000 0.071429 0.984177 0.500000       0.984177
B322_0267                           2  0.436620 0.492958 0.070423 0.983951 0.507042       0.983951
B322_0268                           2  0.591549 0.281690 0.126761 0.983951 0.718310       0.983951
B322_0269                           2  0.591549 0.323944 0.084507 0.983951 0.676056       0.983951
B322_0270                           2  0.535211 0.422535 0.042254 0.983951 0.577465       0.983951
B322_0271                           2  0.535211 0.380282 0.084507 0.983951 0.619718       0.983951
B322_0272                           2  0.535211 0.352113 0.112676 0.983951 0.647887       0.983951
B322_0274                           2  0.507042 0.394366 0.098592 0.983951 0.605634       0.983951
B322_0275                           2  0.507042 0.352113 0.140845 0.983951 0.647887       0.983951
B322_0276                           2  0.535211 0.309859 0.154930 0.983951 0.690141       0.983951
B322_0277                           2  0.507042 0.422535 0.070423 0.983951 0.577465       0.983951
B322_0279                           2  0.521127 0.366197 0.112676 0.983951 0.633803       0.983951
B322_0288                           2  0.450704 0.521127 0.028169 0.983951 0.478873       0.983951
B322_0578                           2  0.514286 0.400000 0.085714 0.984177 0.600000       0.984177
B322_0573                           2  0.422535 0.450704 0.126761 0.983951 0.549296       0.983951
B322_0568                           2  0.521127 0.408451 0.070423 0.983951 0.591549       0.983951
B322_0545                           2  0.591549 0.338028 0.070423 0.983951 0.661972       0.983951
B322_0600                           2  0.514286 0.414286 0.071429 0.984177 0.585714       0.984177
B322_0132                           2  0.563380 0.408451 0.028169 0.983951 0.591549       0.983951
B322_0133                           2  0.577465 0.352113 0.070423 0.983951 0.647887       0.983951
B322_0005                           2  0.521127 0.450704 0.028169 0.983951 0.549296       0.983951
B322_0280                           2  0.591549 0.267606 0.140845 0.983951 0.732394       0.983951
B322_0579                           2  0.563380 0.352113 0.084507 0.983951 0.647887       0.983951
B322_0565                           2  0.492958 0.408451 0.098592 0.983951 0.591549       0.983951
B322_0560                           2  0.500000 0.428571 0.071429 0.984177 0.571429       0.984177
B322_0515                           2  0.577465 0.323944 0.098592 0.983951 0.676056       0.983951
B322_0541                           2  0.528571 0.371429 0.100000 0.984177 0.628571       0.984177
B322_0592                           2  0.507042 0.422535 0.070423 0.983951 0.577465       0.983951
B322_0130                           2  0.507042 0.436620 0.056338 0.983951 0.563380       0.983951
B322_0107                           2  0.600000 0.300000 0.100000 0.984177 0.700000       0.984177
B322_0195                           2  0.535211 0.338028 0.126761 0.983951 0.661972       0.983951
B322_0006                           2  0.647887 0.211268 0.140845 0.983951 0.788732       0.983951
B322_0281                           2  0.478873 0.408451 0.112676 0.983951 0.591549       0.983951
B322_0577                           2  0.450704 0.253521 0.295775 0.983951 0.746479       0.983951
B322_0569                           2  0.478873 0.450704 0.070423 0.983951 0.549296       0.983951
B322_0554                           2  0.549296 0.352113 0.098592 0.983951 0.647887       0.983951
B322_0511                           2  0.436620 0.436620 0.126761 0.983951 0.563380       0.983951
B322_0516                           2  0.535211 0.366197 0.098592 0.983951 0.633803       0.983951
B322_0593                           2  0.521127 0.394366 0.084507 0.983951 0.605634       0.983951
B322_0103                           2  0.563380 0.267606 0.169014 0.983951 0.732394       0.983951
B322_0193                           2  0.338028 0.577465 0.084507 0.983951 0.422535       0.983951
B322_0105                           2  0.492958 0.464789 0.042254 0.983951 0.535211       0.983951
B322_0282                           2  0.492958 0.408451 0.098592 0.983951 0.591549       0.983951
B322_0591                           2  0.563380 0.323944 0.112676 0.983951 0.676056       0.983951
B322_0572                           2  0.563380 0.394366 0.042254 0.983951 0.605634       0.983951
B322_0574                           2  0.450704 0.436620 0.112676 0.983951 0.563380       0.983951
B322_0524                           2  0.628571 0.285714 0.085714 0.984177 0.714286       0.984177
B322_0512                           2  0.535211 0.309859 0.154930 0.983951 0.690141       0.983951
B322_0540                           2  0.577465 0.366197 0.056338 0.983951 0.633803       0.983951
B322_0597                           2  0.591549 0.309859 0.098592 0.983951 0.690141       0.983951
B322_0139                           2  0.591549 0.366197 0.042254 0.983951 0.633803       0.983951
B322_0101                           2  0.450704 0.436620 0.112676 0.983951 0.563380       0.983951
B322_0200                           2  0.521127 0.422535 0.056338 0.983951 0.577465       0.983951
B322_0116                           2  0.478873 0.464789 0.056338 0.983951 0.535211       0.983951
B322_0283                           2  0.557143 0.314286 0.128571 0.984177 0.685714       0.984177
B322_0590                           2  0.478873 0.450704 0.070423 0.983951 0.549296       0.983951
B322_0564                           2  0.549296 0.394366 0.056338 0.983951 0.605634       0.983951
B322_0567                           2  0.535211 0.352113 0.112676 0.983951 0.647887       0.983951
B322_0518                           2  0.605634 0.309859 0.084507 0.983951 0.690141       0.983951
B322_0520                           2  0.507042 0.394366 0.098592 0.983951 0.605634       0.983951
B322_0552                           2  0.577465 0.394366 0.028169 0.983951 0.605634       0.983951
B322_0143                           2  0.422535 0.549296 0.028169 0.983951 0.450704       0.983951
B322_0131                           2  0.478873 0.408451 0.112676 0.983951 0.591549       0.983951
B322_0108                           2  0.436620 0.450704 0.112676 0.983951 0.549296       0.983951
B322_0001                           2  0.507042 0.352113 0.140845 0.983951 0.647887       0.983951
B322_0141                           2  0.549296 0.380282 0.070423 0.983951 0.619718       0.983951
B322_0285                           2  0.450704 0.422535 0.126761 0.983951 0.577465       0.983951
B322_0583                           2  0.514286 0.428571 0.057143 0.984177 0.571429       0.984177
B322_0561                           2  0.535211 0.352113 0.112676 0.983951 0.647887       0.983951
B322_0559                           2  0.676056 0.183099 0.140845 0.983951 0.816901       0.983951
B322_0528                           2  0.464789 0.492958 0.042254 0.983951 0.507042       0.983951
B322_0505                           2  0.577465 0.323944 0.098592 0.983951 0.676056       0.983951
B322_0517                           2  0.422535 0.450704 0.126761 0.983951 0.549296       0.983951
B322_0121                           2  0.535211 0.267606 0.197183 0.983951 0.732394       0.983951
B322_0127                           2  0.428571 0.457143 0.114286 0.984177 0.542857       0.984177
B322_0115                           2  0.478873 0.323944 0.197183 0.983951 0.676056       0.983951
B322_0145                           2  0.591549 0.352113 0.056338 0.983951 0.647887       0.983951
B322_0286                           2  0.492958 0.380282 0.126761 0.983951 0.619718       0.983951
B322_0585                           2  0.528571 0.385714 0.085714 0.984177 0.614286       0.984177
B322_0562                           2  0.492958 0.478873 0.028169 0.983951 0.521127       0.983951
B322_0555                           2  0.450704 0.436620 0.112676 0.983951 0.563380       0.983951
B322_0525                           2  0.704225 0.225352 0.070423 0.983951 0.774648       0.983951
B322_0530                           2  0.492958 0.408451 0.098592 0.983951 0.591549       0.983951
B322_0523                           2  0.704225 0.239437 0.056338 0.983951 0.760563       0.983951
B322_0144                           2  0.521127 0.408451 0.070423 0.983951 0.591549       0.983951
B322_0122                           2  0.422535 0.478873 0.098592 0.983951 0.521127       0.983951
B322_0199                           2  0.571429 0.285714 0.142857 0.984177 0.714286       0.984177
B322_0148                           2  0.549296 0.422535 0.028169 0.983951 0.577465       0.983951
B322_0287                           2  0.408451 0.450704 0.140845 0.983951 0.549296       0.983951
B322_0582                           2  0.535211 0.422535 0.042254 0.983951 0.577465       0.983951
B322_0575                           2  0.492958 0.422535 0.084507 0.983951 0.577465       0.983951
B322_0558                           2  0.535211 0.338028 0.126761 0.983951 0.661972       0.983951
B322_0521                           2  0.492958 0.422535 0.084507 0.983951 0.577465       0.983951
B322_0538                           2  0.535211 0.408451 0.056338 0.983951 0.591549       0.983951
B322_0136                           2  0.605634 0.338028 0.056338 0.983951 0.661972       0.983951
B322_0123                           2  0.557143 0.342857 0.100000 0.984177 0.657143       0.984177
B322_0198                           2  0.436620 0.450704 0.112676 0.983951 0.549296       0.983951
B322_0151                           2  0.450704 0.492958 0.056338 0.983951 0.507042       0.983951
B322_0152                           2  0.492958 0.464789 0.042254 0.983951 0.535211       0.983951
B322_0165                           2  0.557143 0.400000 0.042857 0.984177 0.600000       0.984177
B322_0174                           2  0.394366 0.492958 0.112676 0.983951 0.507042       0.983951
B322_0028                           2  0.492958 0.169014 0.338028 0.983951 0.830986       0.983951
B322_0035                           2  0.464789 0.464789 0.070423 0.983951 0.535211       0.983951
B322_0040                           2  0.591549 0.253521 0.154930 0.983951 0.746479       0.983951
B322_0094                           2  0.528571 0.371429 0.100000 0.984177 0.628571       0.984177
B322_0017                           2  0.563380 0.338028 0.098592 0.983951 0.661972       0.983951
B322_0055                           2  0.563380 0.295775 0.140845 0.983951 0.704225       0.983951
B322_0082                           2  0.492958 0.408451 0.098592 0.983951 0.591549       0.983951
B322_0153                           2  0.485714 0.400000 0.114286 0.984177 0.600000       0.984177
B322_0166                           2  0.478873 0.352113 0.169014 0.983951 0.647887       0.983951
B322_0175                           2  0.521127 0.394366 0.084507 0.983951 0.605634       0.983951
B322_0025                           2  0.521127 0.436620 0.042254 0.983951 0.563380       0.983951
B322_0038                           2  0.457143 0.414286 0.128571 0.984177 0.585714       0.984177
B322_0071                           2  0.450704 0.478873 0.070423 0.983951 0.521127       0.983951
B322_0007                           2  0.457143 0.400000 0.142857 0.984177 0.600000       0.984177
B322_0018                           2  0.563380 0.394366 0.042254 0.983951 0.605634       0.983951
B322_0057                           2  0.628571 0.271429 0.100000 0.984177 0.728571       0.984177
B322_0087                           2  0.450704 0.507042 0.042254 0.983951 0.492958       0.983951
B322_0168                           2  0.661972 0.169014 0.169014 0.983951 0.830986       0.983951
B322_0178                           2  0.507042 0.366197 0.126761 0.983951 0.633803       0.983951
B322_0026                           2  0.521127 0.380282 0.098592 0.983951 0.619718       0.983951
B322_0100                           2  0.536232 0.376812 0.086957 0.984403 0.623188       0.984403
B322_0062                           2  0.414286 0.528571 0.057143 0.984177 0.471429       0.984177
B322_0008                           2  0.577465 0.309859 0.112676 0.983951 0.690141       0.983951
B322_0019                           2  0.563380 0.338028 0.098592 0.983951 0.661972       0.983951
B322_0064                           2  0.464789 0.211268 0.323944 0.983951 0.788732       0.983951
B322_0088                           2  0.478873 0.408451 0.112676 0.983951 0.591549       0.983951
B322_0707                           2  0.535211 0.394366 0.070423 0.983951 0.605634       0.983951
B322_0155                           2  0.514286 0.385714 0.100000 0.984177 0.614286       0.984177
B322_0169                           2  0.428571 0.400000 0.171429 0.984177 0.600000       0.984177
B322_0179                           2  0.535211 0.436620 0.028169 0.983951 0.563380       0.983951
B322_0034                           2  0.563380 0.338028 0.098592 0.983951 0.661972       0.983951
B322_0022                           2  0.591549 0.352113 0.056338 0.983951 0.647887       0.983951
B322_0063                           2  0.450704 0.492958 0.056338 0.983951 0.507042       0.983951
B322_0010                           2  0.557143 0.414286 0.028571 0.984177 0.585714       0.984177
B322_0020                           2  0.492958 0.380282 0.126761 0.983951 0.619718       0.983951
B322_0073                           2  0.535211 0.225352 0.239437 0.983951 0.774648       0.983951
B322_0090                           2  0.549296 0.281690 0.169014 0.983951 0.718310       0.983951
B322_0714                           2  0.492958 0.380282 0.126761 0.983951 0.619718       0.983951
B322_0157                           2  0.507042 0.366197 0.126761 0.983951 0.633803       0.983951
B322_0170                           2  0.521127 0.422535 0.056338 0.983951 0.577465       0.983951
B322_0180                           2  0.535211 0.338028 0.126761 0.983951 0.661972       0.983951
B322_0033                           2  0.535211 0.408451 0.056338 0.983951 0.591549       0.983951
B322_0030                           2  0.478873 0.422535 0.098592 0.983951 0.577465       0.983951
B322_0098                           2  0.557143 0.200000 0.242857 0.984177 0.800000       0.984177
B322_0070                           2  0.521127 0.366197 0.112676 0.983951 0.633803       0.983951
B322_0011                           2  0.577465 0.267606 0.154930 0.983951 0.732394       0.983951
B322_0021                           2  0.614286 0.285714 0.100000 0.984177 0.714286       0.984177
B322_0075                           2  0.485714 0.414286 0.100000 0.984177 0.585714       0.984177
B322_0092                           2  0.485294 0.426471 0.088235 0.984629 0.573529       0.984629
B322_0720                           2  0.492754 0.376812 0.130435 0.984403 0.623188       0.984403
B322_0161                           2  0.528571 0.414286 0.057143 0.984177 0.585714       0.984177
B322_0171                           2  0.422535 0.549296 0.028169 0.983951 0.450704       0.983951
B322_0182                           2  0.492958 0.394366 0.112676 0.983951 0.605634       0.983951
B322_0036                           2  0.457143 0.371429 0.171429 0.984177 0.628571       0.984177
B322_0054                           2  0.464789 0.521127 0.014085 0.983951 0.478873       0.983951
B322_0067                           2  0.500000 0.414286 0.085714 0.984177 0.585714       0.984177
B322_0012                           2  0.507042 0.394366 0.098592 0.983951 0.605634       0.983951
B322_0023                           2  0.563380 0.408451 0.028169 0.983951 0.591549       0.983951
B322_0078                           2  0.450704 0.464789 0.084507 0.983951 0.535211       0.983951
B322_0095                           2  0.500000 0.400000 0.100000 0.984177 0.600000       0.984177
B322_0162                           2  0.633803 0.197183 0.169014 0.983951 0.802817       0.983951
B322_0172                           2  0.464789 0.408451 0.126761 0.983951 0.591549       0.983951
B322_0185                           2  0.507042 0.169014 0.323944 0.983951 0.830986       0.983951
B322_0032                           2  0.507042 0.281690 0.211268 0.983951 0.718310       0.983951
B322_0029                           2  0.449275 0.478261 0.072464 0.984403 0.521739       0.984403
B322_0051                           2  0.478873 0.450704 0.070423 0.983951 0.549296       0.983951
B322_0066                           2  0.492754 0.202899 0.304348 0.984403 0.797101       0.984403
B322_0013                           2  0.549296 0.422535 0.028169 0.983951 0.577465       0.983951
B322_0080                           2  0.563380 0.338028 0.098592 0.983951 0.661972       0.983951
B322_0096                           2  0.507042 0.408451 0.084507 0.983951 0.591549       0.983951
B322_0163                           2  0.521127 0.394366 0.084507 0.983951 0.605634       0.983951
B322_0173                           2  0.600000 0.285714 0.114286 0.984177 0.714286       0.984177
B322_0190                           2  0.428571 0.428571 0.142857 0.984177 0.571429       0.984177
B322_0039                           2  0.563380 0.323944 0.112676 0.983951 0.676056       0.983951
B322_0041                           2  0.507042 0.394366 0.098592 0.983951 0.605634       0.983951
B322_0065                           2  0.542857 0.400000 0.057143 0.984177 0.600000       0.984177
B322_0076                           2  0.549296 0.352113 0.098592 0.983951 0.647887       0.983951
B322_0053                           2  0.422535 0.464789 0.112676 0.983951 0.535211       0.983951
B322_0708                           2  0.442857 0.442857 0.114286 0.984177 0.557143       0.984177
B322_0705                           2  0.422535 0.436620 0.140845 0.983951 0.563380       0.983951
B322_0009                           2  0.521127 0.450704 0.028169 0.983951 0.549296       0.983951
B322_0015                           2  0.563380 0.366197 0.070423 0.983951 0.633803       0.983951
B322_0016                           2  0.464789 0.436620 0.098592 0.983951 0.563380       0.983951
B322_0024                           2  0.521127 0.408451 0.070423 0.983951 0.591549       0.983951
B322_0031                           2  0.535211 0.352113 0.112676 0.983951 0.647887       0.983951
B322_0042                           2  0.492958 0.464789 0.042254 0.983951 0.535211       0.983951
B322_0043                           2  0.577465 0.338028 0.084507 0.983951 0.661972       0.983951
B322_0052                           2  0.478873 0.450704 0.070423 0.983951 0.549296       0.983951
B322_0060                           2  0.492958 0.366197 0.140845 0.983951 0.633803       0.983951
B322_0068                           2  0.414286 0.485714 0.100000 0.984177 0.514286       0.984177
B322_0069                           2  0.690141 0.084507 0.225352 0.983951 0.915493       0.983951
B322_0072                           2  0.605634 0.295775 0.098592 0.983951 0.704225       0.983951
B322_0077                           2  0.500000 0.428571 0.071429 0.984177 0.571429       0.984177
B322_0079                           2  0.521127 0.422535 0.056338 0.983951 0.577465       0.983951
B322_0083                           2  0.478873 0.394366 0.126761 0.983951 0.605634       0.983951
B322_0086                           2  0.676056 0.140845 0.183099 0.983951 0.859155       0.983951
B322_0089                           2  0.507042 0.450704 0.042254 0.983951 0.549296       0.983951
B322_0093                           2  0.385714 0.514286 0.100000 0.984177 0.485714       0.984177
B322_0097                           2  0.700000 0.071429 0.228571 0.984177 0.928571       0.984177
B322_0102                           2  0.507042 0.394366 0.098592 0.983951 0.605634       0.983951
B322_0104                           2  0.507042 0.436620 0.056338 0.983951 0.563380       0.983951
B322_0110                           2  0.492958 0.394366 0.112676 0.983951 0.605634       0.983951
B322_0111                           2  0.535211 0.211268 0.253521 0.983951 0.788732       0.983951
B322_0114                           2  0.463768 0.434783 0.101449 0.984403 0.565217       0.984403
B322_0117                           2  0.549296 0.408451 0.042254 0.983951 0.591549       0.983951
B322_0118                           2  0.450704 0.521127 0.028169 0.983951 0.478873       0.983951
B322_0119                           2  0.464789 0.464789 0.070423 0.983951 0.535211       0.983951
B322_0120                           2  0.380282 0.535211 0.084507 0.983951 0.464789       0.983951
B322_0124                           2  0.507042 0.436620 0.056338 0.983951 0.563380       0.983951
B322_0125                           2  0.605634 0.295775 0.098592 0.983951 0.704225       0.983951
B322_0134                           2  0.619718 0.225352 0.154930 0.983951 0.774648       0.983951
B322_0137                           2  0.464789 0.352113 0.183099 0.983951 0.647887       0.983951
B322_0138                           2  0.492958 0.394366 0.112676 0.983951 0.605634       0.983951
B322_0140                           2  0.450704 0.422535 0.126761 0.983951 0.577465       0.983951
B322_0146                           2  0.591549 0.352113 0.056338 0.983951 0.647887       0.983951
B322_0149                           2  0.464789 0.408451 0.126761 0.983951 0.591549       0.983951
B322_0150                           2  0.478873 0.464789 0.056338 0.983951 0.535211       0.983951
B322_0156                           2  0.563380 0.408451 0.028169 0.983951 0.591549       0.983951
B322_0159                           2  0.492958 0.436620 0.070423 0.983951 0.563380       0.983951
B322_0160                           2  0.450704 0.436620 0.112676 0.983951 0.563380       0.983951
B322_0167                           2  0.542857 0.400000 0.057143 0.984177 0.600000       0.984177
B322_0176                           2  0.507042 0.450704 0.042254 0.983951 0.549296       0.983951
B322_0177                           2  0.521127 0.408451 0.070423 0.983951 0.591549       0.983951
B322_0181                           2  0.436620 0.464789 0.098592 0.983951 0.535211       0.983951
B322_0186                           2  0.507042 0.450704 0.042254 0.983951 0.549296       0.983951
B322_0189                           2  0.492958 0.380282 0.126761 0.983951 0.619718       0.983951
B322_0191                           2  0.442857 0.500000 0.057143 0.984177 0.500000       0.984177
B322_0194                           2  0.436620 0.464789 0.098592 0.983951 0.535211       0.983951
B322_0201                           2  0.563380 0.295775 0.140845 0.983951 0.704225       0.983951
B322_0203                           2  0.492958 0.380282 0.126761 0.983951 0.619718       0.983951
B322_0208                           2  0.450704 0.478873 0.070423 0.983951 0.521127       0.983951
B322_0213                           2  0.492958 0.380282 0.126761 0.983951 0.619718       0.983951
B322_0214                           2  0.577465 0.323944 0.098592 0.983951 0.676056       0.983951
B322_0216                           2  0.442857 0.457143 0.100000 0.984177 0.542857       0.984177
B322_0218                           2  0.478873 0.422535 0.098592 0.983951 0.577465       0.983951
B322_0219                           2  0.492958 0.450704 0.056338 0.983951 0.549296       0.983951
B322_0227                           2  0.507042 0.422535 0.070423 0.983951 0.577465       0.983951
B322_0233                           2  0.464789 0.408451 0.126761 0.983951 0.591549       0.983951
B322_0244                           2  0.549296 0.323944 0.126761 0.983951 0.676056       0.983951
B322_0246                           2  0.549296 0.352113 0.098592 0.983951 0.647887       0.983951
B322_0248                           2  0.464789 0.408451 0.126761 0.983951 0.591549       0.983951
B322_0251                           2  0.507042 0.380282 0.112676 0.983951 0.619718       0.983951
B322_0259                           2  0.408451 0.436620 0.154930 0.983951 0.563380       0.983951
B322_0278                           2  0.492958 0.394366 0.112676 0.983951 0.605634       0.983951
B322_0300                           2  0.549296 0.366197 0.084507 0.983951 0.633803       0.983951
B322_0306                           2  0.408451 0.478873 0.112676 0.983951 0.521127       0.983951
B322_0309                           2  0.492958 0.408451 0.098592 0.983951 0.591549       0.983951
B322_0313                           2  0.614286 0.257143 0.128571 0.984177 0.742857       0.984177
B322_0322                           2  0.563380 0.309859 0.126761 0.983951 0.690141       0.983951
B322_0330                           2  0.492958 0.408451 0.098592 0.983951 0.591549       0.983951
B322_0337                           2  0.507042 0.338028 0.154930 0.983951 0.661972       0.983951
B322_0338                           2  0.690141 0.140845 0.169014 0.983951 0.859155       0.983951
B322_0342                           2  0.478873 0.436620 0.084507 0.983951 0.563380       0.983951
B322_0343                           2  0.471429 0.442857 0.085714 0.984177 0.557143       0.984177
B322_0351                           2  0.450704 0.422535 0.126761 0.983951 0.577465       0.983951
B322_0375                           2  0.492958 0.450704 0.056338 0.983951 0.549296       0.983951
B322_0377                           2  0.394366 0.478873 0.126761 0.983951 0.521127       0.983951
B322_0380                           2  0.577465 0.295775 0.126761 0.983951 0.704225       0.983951
B322_0383                           2  0.690141 0.098592 0.211268 0.983951 0.901408       0.983951
B322_0580                           2  0.450704 0.408451 0.140845 0.983951 0.591549       0.983951
B322_0713                           2  0.471429 0.414286 0.114286 0.984177 0.585714       0.984177
B322_0719                           2  0.633803 0.323944 0.042254 0.983951 0.676056       0.983951
B322_0722                           2  0.478873 0.422535 0.098592 0.983951 0.577465       0.983951
B322_0381                           2  0.571429 0.228571 0.200000 0.984177 0.771429       0.984177
B322_0428                           2  0.464789 0.478873 0.056338 0.983951 0.521127       0.983951
B322_0467                           2  0.492958 0.408451 0.098592 0.983951 0.591549       0.983951
B322_0502                           2  0.471429 0.385714 0.142857 0.984177 0.614286       0.984177
B322_0526                           2  0.577465 0.323944 0.098592 0.983951 0.676056       0.983951
B322_0542                           2  0.436620 0.464789 0.098592 0.983951 0.535211       0.983951
B322_0557                           2  0.535211 0.366197 0.098592 0.983951 0.633803       0.983951
B322_0587                           2  0.478873 0.394366 0.126761 0.983951 0.605634       0.983951
B322_0608                           2  0.492958 0.436620 0.070423 0.983951 0.563380       0.983951
B322_0627                           2  0.436620 0.478873 0.084507 0.983951 0.521127       0.983951
B322_0659                           2  0.577465 0.309859 0.112676 0.983951 0.690141       0.983951
B322_0704                           2  0.422535 0.464789 0.112676 0.983951 0.535211       0.983951
B322_0382                           2  0.701493 0.044776 0.253731 0.984855 0.955224       0.984855
B322_0431                           2  0.549296 0.323944 0.126761 0.983951 0.676056       0.983951
B322_0471                           2  0.535211 0.394366 0.070423 0.983951 0.605634       0.983951
B322_0504                           2  0.464789 0.450704 0.084507 0.983951 0.549296       0.983951
B322_0527                           2  0.380282 0.507042 0.112676 0.983951 0.492958       0.983951
B322_0543                           2  0.563380 0.352113 0.084507 0.983951 0.647887       0.983951
B322_0563                           2  0.500000 0.428571 0.071429 0.984177 0.571429       0.984177
B322_0589                           2  0.571429 0.300000 0.128571 0.984177 0.700000       0.984177
B322_0609                           2  0.563380 0.352113 0.084507 0.983951 0.647887       0.983951
B322_0640                           2  0.464789 0.492958 0.042254 0.983951 0.507042       0.983951
B322_0663                           2  0.464789 0.394366 0.140845 0.983951 0.605634       0.983951
B322_0706                           2  0.605634 0.295775 0.098592 0.983951 0.704225       0.983951
B322_0409                           2  0.450704 0.422535 0.126761 0.983951 0.577465       0.983951
B322_0437                           2  0.535211 0.450704 0.014085 0.983951 0.549296       0.983951
B322_0506                           2  0.478873 0.422535 0.098592 0.983951 0.577465       0.983951
B322_0529                           2  0.647887 0.253521 0.098592 0.983951 0.746479       0.983951
B322_0544                           2  0.600000 0.371429 0.028571 0.984177 0.628571       0.984177
B322_0566                           2  0.563380 0.281690 0.154930 0.983951 0.718310       0.983951
B322_0594                           2  0.549296 0.422535 0.028169 0.983951 0.577465       0.983951
B322_0611                           2  0.507042 0.366197 0.126761 0.983951 0.633803       0.983951
B322_0642                           2  0.563380 0.323944 0.112676 0.983951 0.676056       0.983951
B322_0688                           2  0.366197 0.464789 0.169014 0.983951 0.535211       0.983951
B322_0710                           2  0.535211 0.352113 0.112676 0.983951 0.647887       0.983951
B322_0411                           2  0.408451 0.478873 0.112676 0.983951 0.521127       0.983951
B322_0442                           2  0.408451 0.478873 0.112676 0.983951 0.521127       0.983951
B322_0485                           2  0.633803 0.281690 0.084507 0.983951 0.718310       0.983951
B322_0532                           2  0.478873 0.478873 0.042254 0.983951 0.521127       0.983951
B322_0547                           2  0.549296 0.366197 0.084507 0.983951 0.633803       0.983951
B322_0571                           2  0.394366 0.436620 0.169014 0.983951 0.563380       0.983951
B322_0595                           2  0.478873 0.492958 0.028169 0.983951 0.507042       0.983951
B322_0614                           2  0.690141 0.140845 0.169014 0.983951 0.859155       0.983951
B322_0644                           2  0.478873 0.422535 0.098592 0.983951 0.577465       0.983951
B322_0695                           2  0.521127 0.338028 0.140845 0.983951 0.661972       0.983951
B322_0711                           2  0.414286 0.485714 0.100000 0.984177 0.514286       0.984177
B322_0412                           2  0.577465 0.366197 0.056338 0.983951 0.633803       0.983951
B322_0443                           2  0.422535 0.422535 0.154930 0.983951 0.577465       0.983951
B322_0486                           2  0.450704 0.408451 0.140845 0.983951 0.591549       0.983951
B322_0509                           2  0.661972 0.169014 0.169014 0.983951 0.830986       0.983951
B322_0535                           2  0.464789 0.422535 0.112676 0.983951 0.577465       0.983951
B322_0548                           2  0.338028 0.535211 0.126761 0.983951 0.464789       0.983951
B322_0576                           2  0.436620 0.436620 0.126761 0.983951 0.563380       0.983951
B322_0596                           2  0.591549 0.309859 0.098592 0.983951 0.690141       0.983951
B322_0619                           2  0.400000 0.514286 0.085714 0.984177 0.485714       0.984177
B322_0645                           2  0.450704 0.408451 0.140845 0.983951 0.591549       0.983951
B322_0697                           2  0.577465 0.323944 0.098592 0.983951 0.676056       0.983951
B322_0715                           2  0.563380 0.366197 0.070423 0.983951 0.633803       0.983951
B322_0417                           2  0.492958 0.352113 0.154930 0.983951 0.647887       0.983951
B322_0444                           2  0.408451 0.478873 0.112676 0.983951 0.521127       0.983951
B322_0492                           2  0.492958 0.338028 0.169014 0.983951 0.661972       0.983951
B322_0513                           2  0.563380 0.323944 0.112676 0.983951 0.676056       0.983951
B322_0536                           2  0.577465 0.253521 0.169014 0.983951 0.746479       0.983951
B322_0549                           2  0.492958 0.492958 0.014085 0.983951 0.507042       0.983951
B322_0581                           2  0.380282 0.507042 0.112676 0.983951 0.492958       0.983951
B322_0598                           2  0.450704 0.507042 0.042254 0.983951 0.492958       0.983951
B322_0621                           2  0.492958 0.450704 0.056338 0.983951 0.549296       0.983951
B322_0652                           2  0.422535 0.478873 0.098592 0.983951 0.521127       0.983951
B322_0698                           2  0.619718 0.295775 0.084507 0.983951 0.704225       0.983951
B322_0716                           2  0.577465 0.253521 0.169014 0.983951 0.746479       0.983951
B322_0421                           2  0.380282 0.535211 0.084507 0.983951 0.464789       0.983951
B322_0448                           2  0.521127 0.338028 0.140845 0.983951 0.661972       0.983951
B322_0498                           2  0.535211 0.422535 0.042254 0.983951 0.577465       0.983951
B322_0514                           2  0.408451 0.464789 0.126761 0.983951 0.535211       0.983951
B322_0537                           2  0.436620 0.521127 0.042254 0.983951 0.478873       0.983951
B322_0553                           2  0.464789 0.408451 0.126761 0.983951 0.591549       0.983951
B322_0584                           2  0.478873 0.492958 0.028169 0.983951 0.507042       0.983951
B322_0599                           2  0.408451 0.408451 0.183099 0.983951 0.591549       0.983951
B322_0624                           2  0.633803 0.267606 0.098592 0.983951 0.732394       0.983951
B322_0655                           2  0.492958 0.408451 0.098592 0.983951 0.591549       0.983951
B322_0700                           2  0.535211 0.380282 0.084507 0.983951 0.619718       0.983951
B322_0721                           2  0.577465 0.295775 0.126761 0.983951 0.704225       0.983951
B322_0422                           2  0.528571 0.328571 0.142857 0.984177 0.671429       0.984177
B322_0454                           2  0.436620 0.408451 0.154930 0.983951 0.591549       0.983951
B322_0499                           2  0.563380 0.408451 0.028169 0.983951 0.591549       0.983951
B322_0519                           2  0.352113 0.563380 0.084507 0.983951 0.436620       0.983951
B322_0539                           2  0.507042 0.394366 0.098592 0.983951 0.605634       0.983951
B322_0556                           2  0.464789 0.436620 0.098592 0.983951 0.563380       0.983951
B322_0586                           2  0.528571 0.400000 0.071429 0.984177 0.600000       0.984177
B322_0606                           2  0.450704 0.464789 0.084507 0.983951 0.535211       0.983951
B322_0626                           2  0.521127 0.366197 0.112676 0.983951 0.633803       0.983951
B322_0656                           2  0.394366 0.464789 0.140845 0.983951 0.535211       0.983951
B322_0702                           2  0.492958 0.394366 0.112676 0.983951 0.605634       0.983951
B322_0725                           2  0.436620 0.422535 0.140845 0.983951 0.577465       0.983951
